zero 486 511 0.951076320939
one 386 420 0.919047619048
two 408 420 0.971428571429
three 380 388 0.979381443299
four 133 156 0.852564102564
five 415 420 0.988095238095
six 399 412 0.968446601942
seven 371 382 0.971204188482
eight 422 447 0.944071588367
nine 383 394 0.972081218274
a 514 532 0.966165413534
b 138 162 0.851851851852
c 94 104 0.903846153846
d 86 148 0.581081081081
e 113 123 0.918699186992
f 64 72 0.888888888889
g 53 71 0.746478873239
h 69 86 0.802325581395
j 55 65 0.846153846154
k 35 55 0.636363636364
l 54 61 0.885245901639
m 30 53 0.566037735849
n 26 43 0.604651162791
p 52 56 0.928571428571
q 6 55 0.109090909091
r 9 27 0.333333333333
s 31 62 0.5
t 11 38 0.289473684211
u 16 36 0.444444444444
v 15 32 0.46875
w 17 31 0.548387096774
x 35 55 0.636363636364
y 37 50 0.74
z 9 27 0.333333333333
sh 101 106 0.952830188679
js 28 54 0.518518518519
ha 0 31 0.0
ah 0 43 0.0
zj 0 28 0.0
bj 0 28 0.0
tj 0 19 0.0
cq 0 25 0.0
he 0 35 0.0
yn 16 34 0.470588235294
ln 0 21 0.0
hl 0 14 0.0
hn 0 18 0.0
sd 132 156 0.846153846154
sc 2 19 0.105263157895
jx 0 17 0.0
hb 0 27 0.0
gs 0 7 0.0
sx 0 33 0.0
sn 0 14 0.0
jl 0 19 0.0
fj 0 36 0.0
gz 0 29 0.0
gd 0 39 0.0
gx 0 20 0.0
qh 0 19 0.0
hi 0 40 0.0
nx 0 20 0.0
xz 0 14 0.0
nm 0 22 0.0
xj 0 10 0.0
xue 0 17 0.0
gua 0 3 0.0
shi 0 2 0.0
jun 0 1 0.0
5631 7014 0.802822925577
whole image stat:
160 1000 0.16
Done
