zero 476 511 0.931506849315
one 398 420 0.947619047619
two 406 420 0.966666666667
three 381 388 0.981958762887
four 132 156 0.846153846154
five 412 420 0.980952380952
six 400 412 0.970873786408
seven 372 382 0.973821989529
eight 418 447 0.935123042506
nine 386 394 0.979695431472
a 519 532 0.975563909774
b 140 162 0.864197530864
c 92 104 0.884615384615
d 113 148 0.763513513514
e 112 123 0.910569105691
f 63 72 0.875
g 54 71 0.760563380282
h 73 86 0.848837209302
j 59 65 0.907692307692
k 35 55 0.636363636364
l 58 61 0.950819672131
m 44 53 0.830188679245
n 17 43 0.395348837209
p 50 56 0.892857142857
q 35 55 0.636363636364
r 13 27 0.481481481481
s 30 62 0.483870967742
t 14 38 0.368421052632
u 17 36 0.472222222222
v 14 32 0.4375
w 15 31 0.483870967742
x 38 55 0.690909090909
y 30 50 0.6
z 11 27 0.407407407407
sh 99 106 0.933962264151
js 23 54 0.425925925926
ha 0 31 0.0
ah 0 43 0.0
zj 0 28 0.0
bj 0 28 0.0
tj 0 19 0.0
cq 0 25 0.0
he 0 35 0.0
yn 17 34 0.5
ln 0 21 0.0
hl 0 14 0.0
hn 0 18 0.0
sd 130 156 0.833333333333
sc 12 19 0.631578947368
jx 0 17 0.0
hb 0 27 0.0
gs 0 7 0.0
sx 0 33 0.0
sn 0 14 0.0
jl 0 19 0.0
fj 0 36 0.0
gz 0 29 0.0
gd 0 39 0.0
gx 0 20 0.0
qh 0 19 0.0
hi 0 40 0.0
nx 0 20 0.0
xz 0 14 0.0
nm 0 22 0.0
xj 0 10 0.0
xue 0 17 0.0
gua 0 3 0.0
shi 0 2 0.0
jun 0 1 0.0
5708 7014 0.81380096949
whole image stat:
181 1000 0.181
Done
