zero 480 511 0.939334637965
one 401 420 0.954761904762
two 409 420 0.97380952381
three 384 388 0.989690721649
four 130 156 0.833333333333
five 413 420 0.983333333333
six 401 412 0.973300970874
seven 375 382 0.98167539267
eight 428 447 0.957494407159
nine 389 394 0.98730964467
a 515 532 0.968045112782
b 138 162 0.851851851852
c 93 104 0.894230769231
d 113 148 0.763513513514
e 116 123 0.943089430894
f 65 72 0.902777777778
g 59 71 0.830985915493
h 73 86 0.848837209302
j 60 65 0.923076923077
k 42 55 0.763636363636
l 54 61 0.885245901639
m 50 53 0.943396226415
n 28 43 0.651162790698
p 53 56 0.946428571429
q 36 55 0.654545454545
r 10 27 0.37037037037
s 35 62 0.564516129032
t 22 38 0.578947368421
u 23 36 0.638888888889
v 22 32 0.6875
w 17 31 0.548387096774
x 37 55 0.672727272727
y 37 50 0.74
z 12 27 0.444444444444
sh 98 106 0.924528301887
js 32 54 0.592592592593
ha 0 31 0.0
ah 0 43 0.0
zj 0 28 0.0
bj 0 28 0.0
tj 0 19 0.0
cq 0 25 0.0
he 0 35 0.0
yn 21 34 0.617647058824
ln 0 21 0.0
hl 0 14 0.0
hn 0 18 0.0
sd 130 156 0.833333333333
sc 15 19 0.789473684211
jx 0 17 0.0
hb 0 27 0.0
gs 0 7 0.0
sx 5 33 0.151515151515
sn 0 14 0.0
jl 0 19 0.0
fj 0 36 0.0
gz 0 29 0.0
gd 0 39 0.0
gx 0 20 0.0
qh 0 19 0.0
hi 0 40 0.0
nx 0 20 0.0
xz 0 14 0.0
nm 0 22 0.0
xj 0 10 0.0
xue 0 17 0.0
gua 0 3 0.0
shi 0 2 0.0
jun 0 1 0.0
5821 7014 0.829911605361
whole image stat:
220 1000 0.22
Done
