zero 482 511 0.94324853229
one 393 420 0.935714285714
two 408 420 0.971428571429
three 377 388 0.971649484536
four 129 156 0.826923076923
five 416 420 0.990476190476
six 400 412 0.970873786408
seven 364 382 0.952879581152
eight 413 447 0.923937360179
nine 382 394 0.969543147208
a 516 532 0.96992481203
b 143 162 0.882716049383
c 91 104 0.875
d 92 148 0.621621621622
e 117 123 0.951219512195
f 65 72 0.902777777778
g 54 71 0.760563380282
h 74 86 0.860465116279
j 60 65 0.923076923077
k 37 55 0.672727272727
l 51 61 0.83606557377
m 39 53 0.735849056604
n 20 43 0.46511627907
p 52 56 0.928571428571
q 13 55 0.236363636364
r 14 27 0.518518518519
s 30 62 0.483870967742
t 20 38 0.526315789474
u 16 36 0.444444444444
v 9 32 0.28125
w 23 31 0.741935483871
x 33 55 0.6
y 35 50 0.7
z 10 27 0.37037037037
sh 94 106 0.88679245283
js 29 54 0.537037037037
ha 0 31 0.0
ah 0 43 0.0
zj 0 28 0.0
bj 0 28 0.0
tj 0 19 0.0
cq 0 25 0.0
he 0 35 0.0
yn 12 34 0.352941176471
ln 0 21 0.0
hl 0 14 0.0
hn 0 18 0.0
sd 136 156 0.871794871795
sc 7 19 0.368421052632
jx 0 17 0.0
hb 0 27 0.0
gs 0 7 0.0
sx 2 33 0.0606060606061
sn 0 14 0.0
jl 0 19 0.0
fj 0 36 0.0
gz 0 29 0.0
gd 0 39 0.0
gx 0 20 0.0
qh 0 19 0.0
hi 0 40 0.0
nx 0 20 0.0
xz 0 14 0.0
nm 0 22 0.0
xj 0 10 0.0
xue 0 17 0.0
gua 0 3 0.0
shi 0 2 0.0
jun 0 1 0.0
5658 7014 0.806672369547
whole image stat:
179 1000 0.179
Done
