34284 -1
31405 -1
35608 -1
35324 -1
31271 -1
34515 -1
32463 -1
34935 -1
31160 -1
30885 -1
31433 -1
31128 -1
00359 -1
31471 -1
35320 -1
30600 -1
33486 -1
30418 -1
34863 -1
00884 -1
00665 -1
33680 -1
33979 -1
32686 -1
32525 -1
00300 -1
35818 -1
00035 -1
32632 -1
33305 -1
31007 -1
31101 -1
32541 -1
33839 -1
35464 -1
33834 -1
34831 -1
32457 -1
00783 -1
31376 -1
31500 -1
30749 -1
33527 -1
33265 -1
35392 -1
34279 -1
32169 -1
30651 -1
35193 -1
32712 -1
00028 -1
34877 -1
32055 -1
31434 -1
30743 -1
31775 -1
35902 -1
34846 -1
30609 -1
30521 -1
31127 -1
35280 -1
34672 -1
32848 -1
30380 -1
32853 -1
32618 -1
30194 -1
34786 -1
33067 -1
35643 -1
30914 -1
35628 -1
35959 -1
31730 -1
33470 -1
33389 -1
30188 -1
34264 -1
32200 -1
00451 -1
30559 -1
34019 -1
32234 -1
33907 -1
32069 -1
00149 -1
32911 -1
35472 -1
32738 -1
30839 -1
32534 -1
35507 -1
34697 -1
31776 -1
31185 -1
35319 -1
33523 -1
32465 -1
33059 -1
35434 -1
33534 -1
31118 -1
33722 -1
34446 -1
00223 -1
34582 -1
33837 -1
35166 -1
35236 -1
35451 -1
00503 -1
32470 -1
00294 -1
34192 -1
34105 -1
34677 -1
00507 -1
00174 -1
34474 -1
32367 -1
31165 -1
34713 -1
33169 -1
31763 -1
32934 -1
31241 -1
33914 -1
34066 -1
00202 -1
32627 -1
35791 -1
32630 -1
33318 -1
32586 -1
32137 -1
32232 -1
34887 -1
00416 -1
30621 -1
33967 -1
35047 -1
33926 -1
00830 -1
00099 1
31299 -1
00449 -1
34212 -1
35296 -1
35330 -1
33602 -1
00275 -1
33687 -1
33240 -1
00128 -1
33148 -1
34246 -1
31514 -1
36065 -1
31678 -1
34885 -1
34500 -1
34522 -1
30601 -1
00330 -1
35916 -1
34655 -1
35335 -1
00636 -1
32180 -1
00459 -1
30969 -1
35893 -1
32486 -1
32935 -1
34198 -1
33912 -1
31247 -1
32081 -1
30182 -1
35646 -1
00924 -1
31673 -1
30415 -1
00042 -1
35570 -1
32721 -1
31586 -1
34183 -1
34406 -1
32388 -1
31686 -1
33742 -1
34241 -1
32794 -1
31533 -1
32155 -1
30871 -1
30906 -1
34277 -1
33003 -1
32953 -1
34396 -1
00435 -1
32648 -1
34384 -1
31089 -1
35039 -1
33906 -1
30566 -1
34278 -1
33714 -1
33786 -1
34784 -1
00649 -1
33238 -1
31058 -1
35727 -1
00436 -1
30902 -1
00241 -1
34465 -1
00064 -1
35919 -1
33739 -1
31415 -1
35722 -1
34689 -1
35100 -1
00615 -1
30456 -1
31850 -1
00168 -1
32298 -1
32188 -1
33111 -1
31655 -1
32220 -1
33342 -1
34832 -1
36070 -1
00677 -1
34539 -1
34290 -1
00851 -1
34013 -1
35080 -1
00661 -1
00328 -1
31111 -1
33302 -1
34319 -1
32741 -1
31687 -1
32817 -1
34479 -1
33455 -1
32583 -1
32532 -1
32308 -1
33327 -1
35623 -1
00854 -1
32657 -1
00086 -1
32199 -1
33294 -1
32748 -1
33348 -1
32909 -1
33361 -1
33385 -1
35599 -1
30000 -1
34082 -1
35720 -1
33398 -1
00059 -1
00540 -1
00807 -1
35855 -1
34353 -1
31965 -1
35997 -1
32894 -1
00790 -1
35938 -1
00533 -1
33762 -1
33835 -1
32158 -1
32887 -1
00652 -1
34201 -1
30228 -1
34044 -1
00080 -1
00572 -1
35104 -1
31519 -1
00228 -1
34270 -1
35084 -1
34599 -1
35633 -1
34463 -1
34606 -1
31236 -1
30602 -1
00232 -1
30855 -1
31219 -1
32317 -1
00096 1
32355 -1
30842 -1
33606 -1
00863 -1
00412 -1
32071 -1
31329 -1
33303 -1
31195 -1
33996 -1
31501 -1
32402 -1
32837 -1
00668 -1
30792 -1
33087 -1
36014 -1
31523 -1
00401 -1
32264 -1
34937 -1
32755 -1
32118 -1
33589 -1
30814 -1
31768 -1
34604 -1
00048 -1
33593 -1
30712 -1
30520 -1
32320 -1
34292 -1
34497 -1
35410 -1
35883 -1
00472 -1
35150 -1
32635 -1
34164 -1
30841 -1
32652 -1
33068 -1
33212 -1
00385 -1
30146 -1
35811 -1
35737 -1
30254 -1
32859 -1
00522 -1
35991 -1
34987 -1
35286 -1
30700 -1
32414 -1
31137 -1
31343 -1
34455 -1
31292 -1
34332 -1
34545 -1
35000 -1
34590 -1
32526 -1
31788 -1
00138 -1
30073 -1
32979 -1
31590 -1
35517 -1
32856 -1
30648 -1
35133 -1
00251 -1
31233 -1
33282 -1
31090 -1
00218 -1
32687 -1
34818 -1
35448 -1
30419 -1
30939 -1
33779 -1
34113 -1
33444 -1
30755 -1
30698 -1
30924 -1
32722 -1
35967 -1
31876 -1
00049 -1
34256 -1
30046 -1
00635 -1
32475 -1
35204 -1
33948 -1
00263 -1
32502 -1
35293 -1
30742 -1
35765 -1
35763 -1
33172 -1
33847 -1
32910 -1
31349 -1
32344 -1
30096 -1
31441 -1
32925 -1
33012 -1
31230 -1
35159 -1
33930 -1
35164 -1
30851 -1
33494 -1
35842 -1
00853 -1
32634 -1
30891 -1
35548 -1
32862 -1
34826 -1
30412 -1
31043 -1
00029 -1
34040 -1
35786 -1
35756 -1
00613 -1
34894 -1
32898 -1
30225 -1
32171 -1
33263 -1
31953 -1
32098 -1
35233 -1
00274 -1
34783 -1
31214 -1
00333 -1
33230 -1
00476 -1
32829 -1
35315 -1
32543 -1
35954 -1
32010 -1
31018 -1
33826 -1
31421 -1
32815 -1
00633 -1
00911 -1
31511 -1
32097 -1
00155 -1
33479 -1
30707 -1
32980 -1
00730 -1
32455 -1
30603 -1
35258 -1
36027 -1
35852 -1
00808 -1
30108 -1
31885 -1
34478 -1
33201 -1
35158 -1
35814 -1
33343 -1
35243 -1
00209 -1
34918 -1
00420 -1
34503 -1
30377 -1
30567 -1
00488 -1
35092 -1
34230 -1
31482 -1
32833 -1
00826 -1
35375 -1
33213 -1
00805 -1
35297 -1
33373 -1
00446 -1
33026 -1
32506 -1
31802 -1
31026 -1
31642 -1
00797 -1
34883 -1
34114 -1
33825 -1
32774 -1
31198 -1
30571 -1
31140 -1
35649 -1
32772 -1
00718 -1
32340 -1
31508 -1
33386 -1
33918 -1
33122 -1
31091 -1
35221 -1
33608 -1
32130 -1
30411 -1
00065 -1
00227 -1
35272 -1
30988 -1
34554 -1
34959 -1
30413 -1
00354 -1
34849 -1
30378 -1
34501 -1
32052 -1
35267 -1
33660 -1
34269 -1
33986 -1
00563 -1
30462 -1
32924 -1
35749 -1
00782 -1
31155 -1
33362 -1
00268 -1
00062 -1
00139 -1
32233 -1
30716 -1
33571 -1
34179 -1
31326 -1
35018 -1
31980 -1
34622 -1
35604 -1
31004 -1
34630 -1
35189 -1
00789 -1
32800 -1
35481 -1
35869 -1
34569 -1
00440 -1
34023 -1
31750 -1
32945 -1
31100 -1
34690 -1
30596 -1
31072 -1
32398 -1
34452 -1
30998 -1
33081 -1
30675 -1
00622 -1
31680 -1
35726 -1
34208 -1
31704 -1
32078 -1
31995 -1
30535 -1
34499 -1
32315 -1
32571 -1
35559 -1
00119 -1
32247 -1
33917 -1
31755 -1
35046 -1
35896 -1
34774 -1
00932 -1
31003 -1
33448 -1
34601 -1
34338 -1
30558 -1
00910 -1
32942 -1
35751 -1
32570 -1
32124 -1
32391 -1
00046 -1
31385 -1
31948 -1
31828 -1
33940 -1
31706 -1
34824 -1
35650 -1
34755 -1
31773 -1
00179 -1
00606 1
34165 -1
00927 -1
33241 -1
33466 -1
32831 -1
34560 -1
34027 -1
34594 -1
30078 -1
30010 -1
34878 -1
00267 -1
33783 -1
30610 -1
32352 -1
34240 -1
00455 -1
34744 -1
33251 -1
30534 -1
31173 -1
35491 -1
35216 -1
35409 -1
33959 -1
33489 -1
31485 -1
33605 -1
34005 -1
34000 -1
32503 -1
34860 -1
32835 -1
33316 -1
33555 -1
30741 -1
35910 -1
34411 -1
34631 -1
31515 -1
30384 -1
36050 -1
33328 -1
33016 -1
32393 -1
33425 -1
00021 -1
31591 -1
33312 -1
31216 -1
31488 -1
31249 -1
31824 -1
31384 -1
33538 -1
33056 -1
34401 -1
30476 -1
00930 -1
32288 -1
33653 -1
32761 -1
00079 -1
31705 -1
35887 -1
32105 -1
34902 -1
35637 -1
30372 -1
00143 -1
33174 -1
32535 -1
30480 -1
35533 -1
32565 -1
33767 -1
35524 -1
30524 -1
33358 -1
33015 -1
31467 -1
00361 -1
30424 -1
34564 -1
30765 -1
34065 -1
33617 -1
33377 -1
34780 -1
31417 -1
35918 -1
33449 -1
30552 -1
00737 -1
32633 -1
30565 -1
30337 -1
34573 -1
35999 -1
00360 -1
00585 -1
00016 -1
35813 -1
32756 -1
31262 -1
33464 -1
33576 -1
32538 -1
31297 -1
00456 -1
33128 -1
33223 -1
00486 -1
34797 -1
33261 -1
33569 -1
35884 -1
30085 -1
30623 -1
35281 -1
00427 -1
33452 -1
35115 -1
30722 -1
33730 -1
31896 -1
34249 -1
00784 -1
32440 -1
31312 -1
34963 -1
30865 -1
33937 -1
30011 -1
31843 -1
00247 -1
31637 -1
32759 -1
31977 -1
32215 -1
00405 -1
00610 1
33804 -1
35734 -1
30664 -1
34837 -1
31059 -1
30141 -1
35217 -1
33611 -1
31830 -1
32552 -1
36069 -1
00809 -1
00701 -1
31913 -1
33258 -1
33266 -1
33988 -1
35903 -1
30645 -1
00785 -1
00148 -1
35659 -1
32897 -1
34191 -1
30028 -1
00600 -1
32638 -1
00678 -1
31783 -1
31296 -1
33545 -1
31285 -1
31081 -1
33976 -1
31772 -1
31539 -1
30550 -1
31754 -1
00469 -1
32597 -1
34830 -1
31200 -1
00875 -1
34498 -1
35126 -1
32068 -1
32151 -1
00634 -1
32864 -1
32392 -1
00177 -1
00045 -1
00147 -1
32673 -1
34578 -1
33271 -1
00383 -1
30925 -1
32732 -1
36067 -1
00384 -1
33896 -1
35899 -1
34602 -1
33624 -1
35504 -1
34927 -1
00423 -1
31804 -1
00308 -1
32539 -1
32992 -1
33210 -1
32473 -1
34305 -1
31716 -1
31582 -1
00815 -1
33239 -1
30625 -1
35322 -1
33627 -1
35573 -1
35482 -1
32150 -1
33399 -1
35496 -1
31868 -1
35154 -1
32577 -1
00043 -1
33145 -1
00297 -1
31771 -1
33315 -1
31895 -1
31874 -1
32595 -1
31132 -1
30732 -1
30477 -1
31914 -1
32867 -1
34925 -1
34962 -1
32536 -1
34794 -1
30564 -1
31131 -1
31347 -1
33960 -1
34607 -1
00281 -1
35162 -1
31685 -1
34555 -1
33372 -1
31540 -1
31699 -1
30904 -1
34715 -1
00891 -1
34075 -1
30300 -1
34626 -1
33219 -1
00163 -1
30122 -1
00654 -1
35269 -1
35394 -1
33636 -1
32713 -1
31438 -1
34547 -1
33102 -1
35432 -1
34140 -1
31898 -1
00414 -1
34743 -1
00286 -1
00707 -1
32698 -1
31331 -1
31307 -1
34400 -1
00683 -1
33809 -1
34817 -1
32299 -1
33021 -1
32060 -1
31020 -1
33301 -1
30446 -1
00611 1
31714 -1
35913 -1
32110 -1
32464 -1
30373 -1
36011 -1
31332 -1
00883 -1
30960 -1
35839 -1
31611 -1
32359 -1
30452 -1
33711 -1
31569 -1
00169 -1
35520 -1
34821 -1
00885 -1
34893 -1
33781 -1
32598 -1
33330 -1
30588 -1
00196 -1
31563 -1
35227 -1
30548 -1
35777 -1
30805 -1
33177 -1
33635 -1
32397 -1
00579 -1
00513 -1
00447 -1
30530 -1
30978 -1
00386 -1
35962 -1
00040 -1
34398 -1
34909 -1
35572 -1
34617 -1
00453 -1
00523 -1
00442 -1
30979 -1
32524 -1
30955 -1
33519 -1
31041 -1
31856 -1
34658 -1
30858 -1
34188 -1
35420 -1
31785 -1
31532 -1
31099 -1
00321 -1
00584 -1
32295 -1
32662 -1
31964 -1
32026 -1
30919 -1
34339 -1
30321 -1
31676 -1
31461 -1
32229 -1
35268 -1
30005 -1
30008 -1
34447 -1
34947 -1
31011 -1
33296 -1
30221 -1
33161 -1
33233 -1
34682 -1
35130 -1
32822 -1
35594 -1
30933 -1
33551 -1
00237 -1
30795 -1
30586 -1
30926 -1
30859 -1
35253 -1
32246 -1
30638 -1
00742 -1
31399 -1
31960 -1
00394 -1
31063 -1
32003 -1
32431 -1
32213 -1
35766 -1
35449 -1
00250 -1
32929 -1
00645 -1
34449 -1
35009 -1
32675 -1
36024 -1
33410 -1
00673 -1
35241 -1
33846 -1
33290 -1
31939 -1
31807 -1
30612 -1
35226 -1
30015 -1
33073 -1
34750 -1
33504 -1
00207 -1
32846 -1
34971 -1
00859 -1
34651 -1
34725 -1
00838 -1
32313 -1
32678 -1
31925 -1
00880 -1
34402 -1
35111 -1
00239 -1
30400 -1
30071 -1
35209 -1
31613 -1
32804 -1
32286 -1
00305 -1
34121 -1
34294 -1
35357 -1
30343 -1
35509 -1
35186 -1
34120 -1
35232 -1
33526 -1
32619 -1
31397 -1
33980 -1
33192 -1
00331 -1
31234 -1
34675 -1
35112 -1
00920 -1
34464 -1
34644 -1
33075 -1
33703 -1
34513 -1
32689 -1
32936 -1
32115 -1
32432 -1
34983 -1
34476 -1
34380 -1
32764 -1
00434 -1
33598 -1
31002 -1
33811 -1
33874 -1
32014 -1
32918 -1
31328 -1
34930 -1
35393 -1
34444 -1
32590 -1
33718 -1
35390 -1
32290 -1
35428 -1
33707 -1
32108 -1
35861 -1
00839 -1
00717 -1
00109 -1
33247 -1
33079 -1
34124 -1
35653 -1
32912 -1
34867 -1
34806 -1
35971 -1
35131 -1
31929 -1
00306 -1
32873 -1
35835 -1
35425 -1
30528 -1
32786 -1
30395 -1
35118 -1
32445 -1
31369 -1
32243 -1
32951 -1
34776 -1
30451 -1
31877 -1
33761 -1
30980 -1
33533 -1
34166 -1
32908 -1
30721 -1
32077 -1
30679 -1
00181 -1
33600 -1
33939 -1
00800 -1
30358 -1
00505 -1
31237 -1
30344 -1
33641 -1
32844 -1
34800 -1
31153 -1
34003 -1
31301 -1
33501 -1
34889 -1
34542 -1
35868 -1
35045 -1
32418 -1
33135 -1
00345 -1
33121 -1
31732 -1
35603 -1
00445 -1
35250 -1
33902 -1
31364 -1
33237 -1
32886 -1
32468 -1
33130 -1
32919 -1
31073 -1
32072 -1
34928 -1
35718 -1
35815 -1
35743 -1
31069 -1
35177 -1
00921 -1
30196 -1
00327 -1
35592 -1
00047 -1
33400 -1
33387 -1
32937 -1
33638 -1
32061 -1
32054 -1
30379 -1
30776 -1
30541 -1
30516 -1
30301 -1
33733 -1
31425 -1
30069 -1
31481 -1
30163 -1
33663 -1
31984 -1
30687 -1
32430 -1
33625 -1
00481 -1
35365 -1
31710 -1
33160 -1
31212 -1
30519 -1
36002 -1
31972 -1
31618 -1
00669 -1
30240 -1
35629 -1
32832 -1
34864 -1
30484 -1
35630 -1
35223 -1
33049 -1
30974 -1
00031 -1
32277 -1
34313 -1
30799 -1
32840 -1
34336 -1
33157 -1
31227 -1
31662 -1
30632 -1
33091 -1
33670 -1
34068 -1
32560 -1
31251 -1
00123 -1
31375 -1
00245 -1
31256 -1
35196 -1
30539 -1
31470 -1
00003 -1
31337 -1
33910 -1
00280 -1
31076 -1
35074 -1
35182 -1
30186 -1
32028 -1
34656 -1
32230 -1
34095 -1
35144 -1
30733 -1
35561 -1
32370 -1
00248 -1
35948 -1
35463 -1
33915 -1
33427 -1
31966 -1
30936 -1
35657 -1
00371 -1
30973 -1
30089 -1
34944 -1
33658 -1
33019 -1
35474 -1
30360 -1
00323 -1
33983 -1
35149 -1
33610 -1
30138 -1
00193 -1
35345 -1
35995 -1
34905 -1
00625 -1
34541 -1
33920 -1
35218 -1
30256 -1
31472 -1
30134 -1
33364 -1
30281 -1
34695 -1
30382 -1
34199 -1
34472 -1
34671 -1
30482 -1
31592 -1
31509 -1
35928 -1
30879 -1
31872 -1
00750 -1
31448 -1
00709 -1
34233 -1
00557 -1
35160 -1
30030 -1
30714 -1
00685 -1
32267 -1
30540 -1
33543 -1
35371 -1
00892 -1
34320 -1
00599 -1
00659 -1
31819 -1
30439 -1
31223 -1
30157 -1
35103 -1
32333 -1
00402 -1
00131 -1
00621 -1
35006 -1
32048 -1
00541 -1
34062 -1
31924 -1
32000 -1
34467 -1
30729 -1
35487 -1
34663 -1
32420 -1
35466 -1
34836 -1
32849 -1
33232 -1
30846 -1
35774 -1
31143 -1
35220 -1
00357 -1
33894 -1
00543 -1
32981 -1
00687 -1
35399 -1
32616 -1
34841 -1
00650 -1
31789 -1
00518 -1
00224 -1
34135 -1
34213 -1
32472 -1
35500 -1
35351 -1
30339 -1
32461 -1
34056 -1
32947 -1
33379 -1
31832 -1
31656 -1
33125 -1
31909 -1
32279 -1
00353 -1
33923 -1
30127 -1
00424 -1
32489 -1
00745 -1
34397 -1
35499 -1
31899 -1
30655 -1
33423 -1
34605 -1
34340 -1
30913 -1
31808 -1
32428 -1
30878 -1
32273 -1
00465 -1
31341 -1
34221 -1
34967 -1
33512 -1
34639 -1
30635 -1
30901 -1
30869 -1
30302 -1
00410 -1
34059 -1
32580 -1
34816 -1
31068 -1
30995 -1
30903 -1
00197 -1
33245 -1
33133 -1
00008 -1
32301 -1
32725 -1
31109 -1
32777 -1
30607 -1
35475 -1
00780 -1
35245 -1
34220 -1
00902 -1
00185 -1
30762 -1
34281 -1
31342 -1
35897 -1
30889 -1
00261 -1
31542 -1
35157 -1
33231 -1
33621 -1
32927 -1
33300 -1
00136 -1
30354 -1
32358 -1
34716 -1
30511 -1
31184 -1
33814 -1
35955 -1
31192 -1
34662 -1
35770 -1
31410 -1
31429 -1
32338 -1
00341 -1
34060 -1
32482 -1
34614 -1
32163 -1
00134 -1
32537 -1
35197 -1
31217 -1
32830 -1
34438 -1
30677 -1
00630 -1
35035 -1
00351 -1
00806 -1
35008 -1
32976 -1
34811 -1
34018 -1
32986 -1
32006 -1
32994 -1
34042 -1
30315 -1
00077 -1
00909 -1
32309 -1
33252 -1
34115 -1
31702 -1
31923 -1
30086 -1
33898 -1
31170 -1
30854 -1
32566 -1
34399 -1
31117 -1
30292 -1
31631 -1
34917 -1
35082 -1
00012 -1
35363 -1
35885 -1
33040 -1
33445 -1
33158 -1
32425 -1
30039 -1
31261 -1
34884 -1
34507 -1
00249 -1
32636 -1
35005 -1
35906 -1
30410 -1
32073 -1
31183 -1
00494 -1
32410 -1
35416 -1
33775 -1
33553 -1
35735 -1
31907 -1
00213 -1
30713 -1
30984 -1
35920 -1
33928 -1
00262 -1
32272 -1
30345 -1
33182 -1
00651 -1
30873 -1
30042 -1
00037 -1
31646 -1
35282 -1
35194 -1
00444 -1
31931 -1
35707 -1
00565 -1
32549 -1
31839 -1
33880 -1
31520 -1
30091 -1
30546 -1
32269 -1
33540 -1
34575 -1
33346 -1
31250 -1
00795 -1
33675 -1
33408 -1
34787 -1
30255 -1
34814 -1
35278 -1
00122 -1
30437 -1
34148 -1
35563 -1
32692 -1
00464 -1
30834 -1
33870 -1
31759 -1
31260 -1
34718 -1
00716 -1
32836 -1
30830 -1
00116 -1
34021 -1
34388 -1
00574 -1
32775 -1
34763 -1
31255 -1
00095 1
32274 -1
34047 -1
31661 -1
34726 -1
35468 -1
30838 -1
00646 -1
30678 -1
00898 -1
35180 -1
33513 -1
30809 -1
35512 -1
00382 -1
31207 -1
31942 -1
34271 -1
35876 -1
00917 -1
35478 -1
35398 -1
00325 -1
33384 -1
32154 -1
30040 -1
32492 -1
34182 -1
00760 -1
30402 -1
32292 -1
31435 -1
00829 -1
33812 -1
31136 -1
30216 -1
33382 -1
30941 -1
30094 -1
34587 -1
31719 -1
32860 -1
00246 -1
35498 -1
32197 -1
31437 -1
00492 -1
31529 -1
33518 -1
34151 -1
32364 -1
32434 -1
31799 -1
34133 -1
34375 -1
30646 -1
34751 -1
32514 -1
31380 -1
34250 -1
32104 -1
33688 -1
33603 -1
32696 -1
33620 -1
34387 -1
00234 -1
34526 -1
36088 -1
35963 -1
35238 -1
00755 -1
35336 -1
35405 -1
00791 -1
34791 -1
00036 -1
00711 -1
00418 -1
30585 -1
30432 -1
34687 -1
34724 -1
31751 -1
33998 -1
35097 -1
30483 -1
30271 -1
35851 -1
32319 -1
35803 -1
30877 -1
35010 -1
33365 -1
31558 -1
31054 -1
31654 -1
33339 -1
32735 -1
31985 -1
31504 -1
00832 -1
34838 -1
34754 -1
33188 -1
30403 -1
33749 -1
35153 -1
31105 -1
34263 -1
33211 -1
32250 -1
35344 -1
33156 -1
30562 -1
30604 -1
32121 -1
00108 -1
30253 -1
34972 -1
32510 -1
33053 -1
31531 -1
35348 -1
30184 -1
30185 -1
33198 -1
34600 -1
31983 -1
31130 -1
30346 -1
31169 -1
00468 -1
32823 -1
33422 -1
35551 -1
34900 -1
31321 -1
33183 -1
31635 -1
34613 -1
33193 -1
31991 -1
30044 -1
00873 -1
32621 -1
32877 -1
32564 -1
32709 -1
30820 -1
34910 -1
35219 -1
33776 -1
33759 -1
31202 -1
31009 -1
34420 -1
30423 -1
00744 -1
30689 -1
00827 -1
36038 -1
34685 -1
33897 -1
34521 -1
32779 -1
35085 -1
31906 -1
32080 -1
33725 -1
31861 -1
34919 -1
31455 -1
34769 -1
32334 -1
34886 -1
35113 -1
31607 -1
32664 -1
32284 -1
30702 -1
35362 -1
35073 -1
31665 -1
33502 -1
00415 -1
30790 -1
34621 -1
34351 -1
30504 -1
32653 -1
34611 -1
32893 -1
34854 -1
32354 -1
32928 -1
31354 -1
35312 -1
33025 -1
31570 -1
30666 -1
34258 -1
32907 -1
30547 -1
33467 -1
34558 -1
34707 -1
34272 -1
31968 -1
32190 -1
00056 -1
33116 -1
00293 -1
35989 -1
00877 -1
32870 -1
33734 -1
33508 -1
33007 -1
32093 -1
33822 -1
36021 -1
35323 -1
34457 -1
35864 -1
34852 -1
00229 -1
34612 -1
31024 -1
34696 -1
00689 -1
00439 -1
32754 -1
34117 -1
32096 -1
34429 -1
33274 -1
30396 -1
34037 -1
34870 -1
30835 -1
33634 -1
31559 -1
00135 -1
33647 -1
33421 -1
34136 -1
33110 -1
31628 -1
35249 -1
32057 -1
00736 -1
32813 -1
00257 -1
35037 -1
33153 -1
30130 -1
32740 -1
32879 -1
32134 -1
32453 -1
30463 -1
32703 -1
34976 -1
30684 -1
31124 -1
33493 -1
33669 -1
30923 -1
31008 -1
34911 -1
34412 -1
35143 -1
31626 -1
31753 -1
34303 -1
00531 -1
34145 -1
33195 -1
34276 -1
32339 -1
32446 -1
30831 -1
32415 -1
30996 -1
30555 -1
32456 -1
31325 -1
30298 -1
34881 -1
31469 -1
00786 -1
35264 -1
00098 1
30991 -1
31740 -1
00712 -1
32555 -1
35138 -1
31206 -1
00355 -1
00609 1
35518 -1
32047 -1
31430 -1
00816 -1
32016 -1
33995 -1
33476 -1
34143 -1
35146 -1
00647 -1
32228 -1
32203 -1
32157 -1
31447 -1
35900 -1
32372 -1
32129 -1
32950 -1
36010 -1
32281 -1
32868 -1
30756 -1
30128 -1
33050 -1
30832 -1
35295 -1
30961 -1
33753 -1
34091 -1
32005 -1
00015 -1
30222 -1
33492 -1
34603 -1
30156 -1
33347 -1
30082 -1
30993 -1
35349 -1
32885 -1
00604 -1
34274 -1
32245 -1
00663 -1
31402 -1
30931 -1
35503 -1
30466 -1
35516 -1
31903 -1
33757 -1
31493 -1
00818 -1
32515 -1
34232 -1
31138 -1
33613 -1
35011 -1
35305 -1
30683 -1
31734 -1
34712 -1
33349 -1
34074 -1
30362 -1
30135 -1
35128 -1
32977 -1
33530 -1
31608 -1
35513 -1
30837 -1
33927 -1
30522 -1
32449 -1
35457 -1
33720 -1
32631 -1
32356 -1
31049 -1
30685 -1
32024 -1
33520 -1
35203 -1
31486 -1
30508 -1
34036 -1
33945 -1
32654 -1
00526 -1
33581 -1
30235 -1
30367 -1
00847 -1
31915 -1
31147 -1
35736 -1
00511 -1
33719 -1
34442 -1
35169 -1
32645 -1
30852 -1
31585 -1
35412 -1
33331 -1
31516 -1
30968 -1
35568 -1
30072 -1
31186 -1
33656 -1
33143 -1
30948 -1
32404 -1
34304 -1
34002 -1
30443 -1
35544 -1
00350 -1
35043 -1
34011 -1
00320 -1
00866 -1
35930 -1
30363 -1
34585 -1
33729 -1
31148 -1
30145 -1
33394 -1
35270 -1
33872 -1
32906 -1
00302 -1
34595 -1
30772 -1
31835 -1
34247 -1
32179 -1
31259 -1
32821 -1
31588 -1
30643 -1
32871 -1
31507 -1
33042 -1
30705 -1
34734 -1
35754 -1
34810 -1
31745 -1
34058 -1
33117 -1
34880 -1
36082 -1
00182 -1
35593 -1
32742 -1
00157 -1
33139 -1
00422 -1
00338 -1
33336 -1
32599 -1
30915 -1
33736 -1
32063 -1
34367 -1
35715 -1
33484 -1
34434 -1
34850 -1
31806 -1
34007 -1
32591 -1
30114 -1
00858 -1
33585 -1
32223 -1
33859 -1
31658 -1
32165 -1
33267 -1
31034 -1
35076 -1
00375 -1
31932 -1
31258 -1
35658 -1
33529 -1
00637 -1
00521 -1
34704 -1
35014 -1
00623 -1
00813 -1
30034 -1
34717 -1
30711 -1
30884 -1
30170 -1
32743 -1
35353 -1
32067 -1
33405 -1
34235 -1
00765 -1
31787 -1
32314 -1
34528 -1
32111 -1
33525 -1
31350 -1
30201 -1
34510 -1
35306 -1
00270 -1
32808 -1
34874 -1
30342 -1
32361 -1
32321 -1
34331 -1
31650 -1
33925 -1
34591 -1
32921 -1
30204 -1
30965 -1
33586 -1
34296 -1
00259 -1
35244 -1
35557 -1
31800 -1
35917 -1
31439 -1
35584 -1
00329 -1
32004 -1
00295 -1
33771 -1
33974 -1
35252 -1
34405 -1
31254 -1
31487 -1
33578 -1
34495 -1
30699 -1
00727 -1
32015 -1
33260 -1
34356 -1
30657 -1
33077 -1
33142 -1
34827 -1
33702 -1
35436 -1
30077 -1
30429 -1
31682 -1
32812 -1
34365 -1
30487 -1
30943 -1
31352 -1
00811 -1
33791 -1
31780 -1
35316 -1
32723 -1
30328 -1
32386 -1
30949 -1
33883 -1
00593 -1
33843 -1
00088 -1
33715 -1
35400 -1
30905 -1
36029 -1
33062 -1
00620 -1
00658 -1
32513 -1
34171 -1
32695 -1
34078 -1
33495 -1
00019 -1
30785 -1
34921 -1
32175 -1
34529 -1
34103 -1
35731 -1
31952 -1
31883 -1
32805 -1
33041 -1
32982 -1
30277 -1
31460 -1
00107 -1
32112 -1
36055 -1
32880 -1
30892 -1
34533 -1
34669 -1
00187 -1
30966 -1
34856 -1
00114 -1
00628 -1
33884 -1
35841 -1
32967 -1
34141 -1
32285 -1
34440 -1
00751 -1
34283 -1
33556 -1
31367 -1
31085 -1
30099 -1
00768 -1
35275 -1
34223 -1
35555 -1
00814 -1
31144 -1
34536 -1
34762 -1
31657 -1
32082 -1
35184 -1
33574 -1
31379 -1
33936 -1
35202 -1
34934 -1
34771 -1
30922 -1
00834 -1
32531 -1
31756 -1
32757 -1
30573 -1
35849 -1
32574 -1
34956 -1
31722 -1
30863 -1
35577 -1
34308 -1
33407 -1
00380 -1
33652 -1
31021 -1
00426 -1
31675 -1
35927 -1
33256 -1
31567 -1
35188 -1
30414 -1
30132 -1
33694 -1
30708 -1
30357 -1
34268 -1
35787 -1
34025 -1
34321 -1
30327 -1
00292 -1
30787 -1
35167 -1
30898 -1
35033 -1
30334 -1
32902 -1
31014 -1
33325 -1
34413 -1
34899 -1
32166 -1
32769 -1
31916 -1
31210 -1
31338 -1
34879 -1
33257 -1
30640 -1
32304 -1
32773 -1
33064 -1
00548 -1
30464 -1
33424 -1
35256 -1
30779 -1
00421 -1
32615 -1
33764 -1
31544 -1
33020 -1
35870 -1
31813 -1
00140 -1
35644 -1
00536 -1
00349 -1
34193 -1
31361 -1
31029 -1
30021 -1
32694 -1
32092 -1
35607 -1
31583 -1
00312 -1
34788 -1
30105 -1
30709 -1
30144 -1
32001 -1
33782 -1
31112 -1
32896 -1
30448 -1
00602 -1
31598 -1
30407 -1
00089 -1
34562 -1
33112 -1
30356 -1
32102 -1
34490 -1
35125 -1
34185 -1
33549 -1
34796 -1
30236 -1
30676 -1
33277 -1
00133 -1
34700 -1
31593 -1
33206 -1
33667 -1
30636 -1
32551 -1
32462 -1
32009 -1
35036 -1
00264 -1
00363 -1
00841 -1
31904 -1
31537 -1
31414 -1
34363 -1
34505 -1
30964 -1
30647 -1
32708 -1
34454 -1
30454 -1
31426 -1
33146 -1
35042 -1
35023 -1
00298 -1
33820 -1
31489 -1
31894 -1
35912 -1
35424 -1
33289 -1
31209 -1
35845 -1
35523 -1
33099 -1
00667 -1
34161 -1
35538 -1
30147 -1
30669 -1
33850 -1
33579 -1
32103 -1
34379 -1
32275 -1
32389 -1
31548 -1
31459 -1
33264 -1
32219 -1
35802 -1
32407 -1
35613 -1
00547 -1
34727 -1
33281 -1
32441 -1
31466 -1
35364 -1
30470 -1
30307 -1
32193 -1
34073 -1
33982 -1
31295 -1
32671 -1
35114 -1
33833 -1
33691 -1
34333 -1
00097 1
31152 -1
33288 -1
33086 -1
34969 -1
00573 -1
31330 -1
35534 -1
31097 -1
30312 -1
33640 -1
33114 -1
30894 -1
32798 -1
31821 -1
34357 -1
34686 -1
34815 -1
35240 -1
32718 -1
00450 -1
31358 -1
30544 -1
34419 -1
33028 -1
35247 -1
33842 -1
32194 -1
35396 -1
35750 -1
32447 -1
34259 -1
30461 -1
00309 -1
32656 -1
31976 -1
35558 -1
31370 -1
31727 -1
34674 -1
32017 -1
34661 -1
33591 -1
34914 -1
34876 -1
30598 -1
00715 -1
31947 -1
31446 -1
33514 -1
31615 -1
00369 -1
00221 -1
32412 -1
31669 -1
00722 -1
35152 -1
31864 -1
30324 -1
33823 -1
30467 -1
00041 -1
33708 -1
34906 -1
00769 -1
31945 -1
32997 -1
33754 -1
35953 -1
33934 -1
34153 -1
30386 -1
33366 -1
34730 -1
34765 -1
31221 -1
34950 -1
00166 -1
31695 -1
30101 -1
00400 -1
35350 -1
30282 -1
32573 -1
31121 -1
31060 -1
00199 -1
31927 -1
32663 -1
32008 -1
33010 -1
33253 -1
35057 -1
34045 -1
35940 -1
32726 -1
35890 -1
30383 -1
30575 -1
33693 -1
31926 -1
30767 -1
35789 -1
00195 -1
00206 -1
30510 -1
32750 -1
34132 -1
00461 -1
34608 -1
33532 -1
34359 -1
00642 -1
30278 -1
00219 -1
00011 -1
35936 -1
33748 -1
00867 -1
30272 -1
30133 -1
30817 -1
32733 -1
32613 -1
34840 -1
31190 -1
30517 -1
34061 -1
31943 -1
00154 -1
35907 -1
31322 -1
35246 -1
35407 -1
34530 -1
30696 -1
34720 -1
30162 -1
35453 -1
30385 -1
35857 -1
32416 -1
31584 -1
33895 -1
30735 -1
31572 -1
33229 -1
33674 -1
30488 -1
30665 -1
30294 -1
34194 -1
32508 -1
32427 -1
30634 -1
31937 -1
31562 -1
35725 -1
33138 -1
31125 -1
00568 -1
31386 -1
34035 -1
33716 -1
34586 -1
30024 -1
35723 -1
30954 -1
00296 -1
30274 -1
30187 -1
00514 -1
34063 -1
32512 -1
00214 -1
35053 -1
33637 -1
35966 -1
00347 -1
30160 -1
34895 -1
34584 -1
30209 -1
31644 -1
00614 -1
30727 -1
33770 -1
30095 -1
35050 -1
31879 -1
35455 -1
32878 -1
00499 -1
31400 -1
31556 -1
31348 -1
30431 -1
00120 -1
33381 -1
00516 -1
31986 -1
33196 -1
00778 -1
30238 -1
35728 -1
30268 -1
31420 -1
32544 -1
33209 -1
31703 -1
34242 -1
34858 -1
33136 -1
00370 -1
33242 -1
00191 -1
34006 -1
30433 -1
30297 -1
00475 -1
34254 -1
35304 -1
32711 -1
30674 -1
33119 -1
31218 -1
33668 -1
31311 -1
00033 -1
00771 -1
00794 -1
31064 -1
30493 -1
33350 -1
34703 -1
32258 -1
00167 -1
00641 -1
33105 -1
32625 -1
32915 -1
31423 -1
35334 -1
31979 -1
00399 -1
34646 -1
31077 -1
36015 -1
35121 -1
33370 -1
33646 -1
35585 -1
34922 -1
00695 -1
00598 -1
31718 -1
30492 -1
34200 -1
33034 -1
00438 -1
00887 -1
30075 -1
00888 -1
30694 -1
30957 -1
34829 -1
34366 -1
34119 -1
32260 -1
32554 -1
33255 -1
30283 -1
30896 -1
34820 -1
32499 -1
30641 -1
00928 -1
00498 -1
00113 -1
00315 -1
32403 -1
31317 -1
31005 -1
31711 -1
32710 -1
31624 -1
31462 -1
31416 -1
30023 -1
34664 -1
30956 -1
32903 -1
34469 -1
32965 -1
31659 -1
30434 -1
30671 -1
00211 -1
35431 -1
33745 -1
34977 -1
32377 -1
32208 -1
30766 -1
30004 -1
34289 -1
35767 -1
34209 -1
33642 -1
31930 -1
31822 -1
34822 -1
34835 -1
32939 -1
35506 -1
34374 -1
00026 -1
32490 -1
35537 -1
32677 -1
35809 -1
31176 -1
35214 -1
30389 -1
32727 -1
32353 -1
35408 -1
31235 -1
34441 -1
32119 -1
30348 -1
33356 -1
33913 -1
31431 -1
31842 -1
00694 -1
33503 -1
00788 -1
34352 -1
34227 -1
31123 -1
00448 -1
31728 -1
34280 -1
34643 -1
00643 -1
35915 -1
31266 -1
35921 -1
00005 -1
34767 -1
33353 -1
30249 -1
32916 -1
30485 -1
31365 -1
34862 -1
32058 -1
35674 -1
00519 -1
34793 -1
34620 -1
32763 -1
33103 -1
35996 -1
31594 -1
35142 -1
33335 -1
31333 -1
00072 -1
30299 -1
31887 -1
00662 -1
33450 -1
30167 -1
00644 -1
32480 -1
32443 -1
00532 -1
32957 -1
30704 -1
33395 -1
34410 -1
34882 -1
30775 -1
00009 -1
34462 -1
34563 -1
31151 -1
35129 -1
33537 -1
33436 -1
30663 -1
34795 -1
32318 -1
35501 -1
32120 -1
32101 -1
30983 -1
31280 -1
30118 -1
00102 -1
32854 -1
00817 -1
32409 -1
32488 -1
31401 -1
33295 -1
33149 -1
32674 -1
33803 -1
34781 -1
33695 -1
32704 -1
00162 -1
34187 -1
35260 -1
33306 -1
30867 -1
31047 -1
30975 -1
34752 -1
30309 -1
35634 -1
00849 -1
31302 -1
31873 -1
32810 -1
31036 -1
00398 -1
35866 -1
33106 -1
32107 -1
00474 -1
32365 -1
35366 -1
00070 -1
33134 -1
33848 -1
32614 -1
00194 -1
00291 -1
35171 -1
35206 -1
32905 -1
31263 -1
00403 -1
31477 -1
30909 -1
31829 -1
32442 -1
31506 -1
30340 -1
31373 -1
31413 -1
32458 -1
30248 -1
30388 -1
34360 -1
32327 -1
33999 -1
00118 -1
00856 -1
34834 -1
36012 -1
34046 -1
00773 -1
00285 -1
00457 -1
33799 -1
32946 -1
31786 -1
32561 -1
32801 -1
35974 -1
35086 -1
34197 -1
00767 -1
30811 -1
00840 -1
33440 -1
32204 -1
00006 -1
35956 -1
35895 -1
35098 -1
00758 -1
30025 -1
30726 -1
00555 -1
32127 -1
32064 -1
34236 -1
31199 -1
31171 -1
32400 -1
31015 -1
31146 -1
30825 -1
30627 -1
32685 -1
00367 -1
30129 -1
00653 -1
00905 -1
00470 -1
30958 -1
30916 -1
30353 -1
32018 -1
30938 -1
31443 -1
00388 -1
32641 -1
35285 -1
33609 -1
00458 -1
32753 -1
35440 -1
33871 -1
30325 -1
00836 -1
33340 -1
00487 -1
34004 -1
00417 -1
34908 -1
33272 -1
32629 -1
00690 -1
34540 -1
30935 -1
30872 -1
34574 -1
00082 -1
32205 -1
34627 -1
30016 -1
32316 -1
32900 -1
31720 -1
30107 -1
30455 -1
32876 -1
35083 -1
35950 -1
35591 -1
35070 -1
34759 -1
32487 -1
33881 -1
33475 -1
30971 -1
35810 -1
30631 -1
32023 -1
00714 -1
33018 -1
30605 -1
34588 -1
00719 -1
00311 -1
31999 -1
00409 -1
30430 -1
35488 -1
35937 -1
00915 -1
32362 -1
31000 -1
31006 -1
30866 -1
33777 -1
32799 -1
34203 -1
33590 -1
31265 -1
35437 -1
30041 -1
32242 -1
35510 -1
32090 -1
30769 -1
33222 -1
00125 -1
32311 -1
31614 -1
34453 -1
31854 -1
34029 -1
35664 -1
33368 -1
32238 -1
32739 -1
32858 -1
34225 -1
30080 -1
31707 -1
34354 -1
34904 -1
34592 -1
34619 -1
00679 -1
33334 -1
32778 -1
30895 -1
31954 -1
33150 -1
35172 -1
30205 -1
32991 -1
30818 -1
33480 -1
00914 -1
34825 -1
00489 -1
00626 -1
32882 -1
35993 -1
33043 -1
00495 -1
33973 -1
00343 -1
00506 -1
33768 -1
32715 -1
32762 -1
30420 -1
33744 -1
35632 -1
33946 -1
32303 -1
33095 -1
30405 -1
34615 -1
32050 -1
31357 -1
35952 -1
35894 -1
00675 -1
33863 -1
35055 -1
33784 -1
34325 -1
34390 -1
35190 -1
31526 -1
33535 -1
33234 -1
33955 -1
33186 -1
00761 -1
31094 -1
30788 -1
32167 -1
34736 -1
35752 -1
34979 -1
35257 -1
35379 -1
00235 -1
30589 -1
00322 -1
33821 -1
30692 -1
35284 -1
34086 -1
31805 -1
30393 -1
32031 -1
30930 -1
31845 -1
32451 -1
00111 -1
00176 -1
32548 -1
30780 -1
32429 -1
33276 -1
34234 -1
34729 -1
32147 -1
33235 -1
00073 -1
00726 -1
34891 -1
36041 -1
00860 -1
34757 -1
00055 -1
30829 -1
30986 -1
33644 -1
33517 -1
35173 -1
33393 -1
30335 -1
34364 -1
00597 -1
33655 -1
35929 -1
31356 -1
31172 -1
35276 -1
35688 -1
32422 -1
00260 -1
33559 -1
35947 -1
33011 -1
30247 -1
35706 -1
35302 -1
32802 -1
34742 -1
33544 -1
32781 -1
33588 -1
31596 -1
00222 -1
33278 -1
32940 -1
32283 -1
33673 -1
30270 -1
35361 -1
34955 -1
00749 -1
35746 -1
32394 -1
34596 -1
31158 -1
31795 -1
34907 -1
34229 -1
31888 -1
32955 -1
30158 -1
00339 -1
32941 -1
32371 -1
33165 -1
35886 -1
35486 -1
31335 -1
32012 -1
36047 -1
34559 -1
35898 -1
00314 -1
33958 -1
34773 -1
31079 -1
32424 -1
35013 -1
31978 -1
00702 -1
34131 -1
32235 -1
30341 -1
00660 -1
00256 -1
34920 -1
30981 -1
32136 -1
32553 -1
31388 -1
35025 -1
30808 -1
31721 -1
00878 -1
35120 -1
33561 -1
31505 -1
31093 -1
30276 -1
31149 -1
31368 -1
35620 -1
36035 -1
32240 -1
33705 -1
33987 -1
30774 -1
31444 -1
00171 -1
33678 -1
30686 -1
33090 -1
00731 -1
35024 -1
31074 -1
00843 -1
33622 -1
35346 -1
34334 -1
00462 -1
35110 -1
30322 -1
31996 -1
33341 -1
32266 -1
34749 -1
32374 -1
32752 -1
34618 -1
35871 -1
35038 -1
34496 -1
35816 -1
30465 -1
00566 -1
32626 -1
35381 -1
00480 -1
30606 -1
31738 -1
33672 -1
30047 -1
35441 -1
33681 -1
34448 -1
30269 -1
33604 -1
35183 -1
32191 -1
34383 -1
30794 -1
00233 -1
34417 -1
30369 -1
35028 -1
35612 -1
33832 -1
32557 -1
31453 -1
33524 -1
34386 -1
34382 -1
00282 -1
32210 -1
32604 -1
34361 -1
00582 -1
31095 -1
33069 -1
32998 -1
31852 -1
34502 -1
32826 -1
32944 -1
33054 -1
32478 -1
34782 -1
33468 -1
31182 -1
32724 -1
30017 -1
34628 -1
00676 -1
34936 -1
35458 -1
33819 -1
32381 -1
32819 -1
33376 -1
31205 -1
33679 -1
34579 -1
34624 -1
30258 -1
32131 -1
32477 -1
34395 -1
35730 -1
35490 -1
33141 -1
33227 -1
32251 -1
34778 -1
32575 -1
33155 -1
35294 -1
30313 -1
33692 -1
00862 -1
31600 -1
30824 -1
32784 -1
31362 -1
31875 -1
35259 -1
30900 -1
32417 -1
00639 -1
00725 -1
34670 -1
00564 -1
31126 -1
36089 -1
32383 -1
00798 -1
35825 -1
33124 -1
30029 -1
32922 -1
33903 -1
32396 -1
35827 -1
35301 -1
00882 -1
33250 -1
31432 -1
30097 -1
30764 -1
30469 -1
34660 -1
36085 -1
00186 -1
30847 -1
00759 -1
31741 -1
33098 -1
30695 -1
32375 -1
31023 -1
30123 -1
32760 -1
00810 -1
00696 -1
32736 -1
35342 -1
31116 -1
31712 -1
33919 -1
30778 -1
32019 -1
36056 -1
31464 -1
34699 -1
35610 -1
33607 -1
32225 -1
31052 -1
35187 -1
33100 -1
33562 -1
36046 -1
33808 -1
35492 -1
33499 -1
33228 -1
31108 -1
34926 -1
00173 -1
35041 -1
32209 -1
35606 -1
30286 -1
33292 -1
32793 -1
33051 -1
31022 -1
30763 -1
00164 -1
30828 -1
31452 -1
34728 -1
33699 -1
34293 -1
34431 -1
00244 -1
34070 -1
33838 -1
30490 -1
35134 -1
31622 -1
00158 -1
32345 -1
35135 -1
34116 -1
32466 -1
00779 -1
00901 -1
33950 -1
32639 -1
32875 -1
31949 -1
35556 -1
30527 -1
00348 -1
35694 -1
00151 -1
33236 -1
00352 -1
32184 -1
31794 -1
00053 -1
33189 -1
35934 -1
30066 -1
00562 -1
00090 -1
00319 -1
33185 -1
30738 -1
35713 -1
35960 -1
30288 -1
33516 -1
35298 -1
33916 -1
00819 -1
31609 -1
33401 -1
32516 -1
34652 -1
34848 -1
31409 -1
32973 -1
35386 -1
35574 -1
32563 -1
00413 -1
33938 -1
30503 -1
35022 -1
34173 -1
00674 -1
33648 -1
31697 -1
32406 -1
30068 -1
00864 -1
31729 -1
00358 -1
00666 -1
30065 -1
35433 -1
33649 -1
35029 -1
35844 -1
30624 -1
00918 -1
00283 -1
34473 -1
31150 -1
30874 -1
33690 -1
35522 -1
30330 -1
32605 -1
31901 -1
34298 -1
31744 -1
31589 -1
35965 -1
35051 -1
32783 -1
32483 -1
00364 -1
31891 -1
30553 -1
00491 -1
00538 -1
00188 -1
35239 -1
32527 -1
33096 -1
30507 -1
00317 -1
35705 -1
33129 -1
31499 -1
00269 -1
31538 -1
30857 -1
30168 -1
30293 -1
30523 -1
00284 -1
32917 -1
31610 -1
34327 -1
31071 -1
00770 -1
34859 -1
32509 -1
00833 -1
34753 -1
00081 -1
34975 -1
32066 -1
31463 -1
31982 -1
35170 -1
00392 -1
30701 -1
30375 -1
00110 -1
32011 -1
34222 -1
33921 -1
31087 -1
30840 -1
31139 -1
34408 -1
33254 -1
35840 -1
32181 -1
33159 -1
33118 -1
33879 -1
31841 -1
34659 -1
31917 -1
34998 -1
34389 -1
30036 -1
33326 -1
34204 -1
00482 -1
34978 -1
32133 -1
32820 -1
32568 -1
33657 -1
33171 -1
31327 -1
33790 -1
00801 -1
33038 -1
30893 -1
35619 -1
32714 -1
32262 -1
32720 -1
32173 -1
31587 -1
35829 -1
35255 -1
00865 -1
00428 -1
33696 -1
34625 -1
32357 -1
31902 -1
31424 -1
32814 -1
35311 -1
35094 -1
32931 -1
30897 -1
32241 -1
30332 -1
34404 -1
31701 -1
32002 -1
32943 -1
31863 -1
33952 -1
31636 -1
35261 -1
30549 -1
35132 -1
32452 -1
34282 -1
35565 -1
35826 -1
32419 -1
35369 -1
30329 -1
33275 -1
35049 -1
31817 -1
33437 -1
00605 1
00855 -1
32734 -1
00889 -1
32153 -1
32142 -1
30140 -1
31191 -1
31244 -1
35539 -1
00324 -1
31700 -1
34010 -1
31454 -1
31371 -1
30296 -1
31387 -1
31231 -1
31102 -1
36080 -1
31226 -1
34940 -1
35136 -1
32926 -1
33109 -1
32949 -1
36008 -1
32174 -1
31513 -1
00912 -1
31344 -1
00743 -1
33202 -1
33226 -1
30757 -1
35741 -1
30311 -1
31204 -1
00396 -1
32968 -1
32297 -1
30368 -1
32923 -1
30267 -1
00577 -1
31303 -1
30542 -1
35213 -1
33120 -1
00553 -1
00374 -1
33199 -1
31957 -1
30399 -1
33208 -1
34377 -1
36068 -1
31535 -1
32049 -1
33633 -1
32287 -1
33876 -1
34326 -1
35007 -1
31536 -1
32517 -1
30844 -1
31046 -1
32307 -1
00271 -1
00180 -1
00525 -1
34076 -1
34813 -1
31619 -1
33765 -1
00183 -1
00578 -1
32684 -1
00266 -1
35165 -1
32252 -1
34785 -1
31082 -1
34597 -1
34556 -1
31534 -1
32795 -1
30853 -1
33004 -1
30773 -1
00655 -1
34509 -1
00156 -1
31851 -1
33887 -1
32401 -1
31445 -1
00192 -1
35583 -1
32261 -1
34024 -1
36059 -1
31989 -1
34156 -1
30512 -1
34980 -1
31840 -1
34798 -1
32667 -1
31257 -1
30143 -1
35404 -1
35192 -1
33735 -1
00101 -1
30126 -1
33511 -1
34760 -1
30953 -1
35582 -1
33731 -1
30104 -1
33180 -1
36025 -1
32984 -1
32346 -1
33662 -1
34205 -1
31946 -1
33320 -1
31708 -1
34094 -1
31846 -1
32803 -1
34477 -1
30370 -1
32767 -1
33152 -1
30717 -1
32395 -1
30161 -1
00560 -1
35370 -1
30917 -1
34799 -1
33083 -1
32624 -1
33409 -1
00071 -1
30962 -1
35614 -1
34286 -1
32932 -1
33280 -1
33008 -1
32642 -1
32850 -1
30284 -1
33548 -1
32083 -1
33686 -1
30509 -1
31769 -1
32970 -1
00017 -1
00919 -1
34833 -1
00452 -1
33461 -1
32143 -1
31886 -1
32095 -1
33076 -1
32845 -1
35541 -1
32562 -1
34291 -1
30592 -1
31309 -1
35964 -1
31246 -1
31777 -1
34857 -1
31612 -1
31988 -1
34512 -1
34812 -1
34096 -1
33785 -1
33225 -1
30303 -1
34275 -1
34072 -1
35248 -1
32601 -1
33367 -1
32302 -1
30994 -1
35444 -1
31178 -1
30515 -1
30273 -1
32587 -1
00684 -1
34020 -1
31408 -1
33650 -1
33891 -1
00923 -1
30758 -1
34207 -1
32114 -1
34195 -1
33463 -1
30398 -1
33778 -1
34041 -1
35949 -1
31253 -1
32789 -1
30789 -1
31120 -1
35699 -1
33224 -1
31498 -1
00411 -1
00589 -1
30376 -1
30224 -1
35373 -1
00713 -1
35446 -1
33780 -1
35427 -1
32540 -1
32888 -1
34031 -1
30154 -1
35493 -1
31897 -1
34160 -1
35406 -1
00104 -1
34418 -1
35888 -1
33704 -1
00201 -1
30323 -1
00034 -1
35279 -1
34214 -1
33388 -1
35251 -1
32825 -1
00802 -1
00803 -1
32842 -1
32385 -1
35337 -1
33072 -1
30406 -1
34666 -1
33552 -1
34577 -1
31599 -1
34610 -1
31671 -1
35961 -1
30033 -1
33596 -1
30560 -1
30810 -1
34302 -1
34568 -1
32646 -1
31742 -1
33560 -1
35968 -1
33420 -1
34583 -1
35317 -1
34285 -1
30113 -1
00828 -1
31521 -1
00137 -1
00170 -1
30012 -1
36061 -1
30751 -1
33218 -1
35943 -1
34067 -1
32341 -1
33831 -1
31324 -1
00216 -1
31974 -1
34861 -1
33262 -1
30848 -1
35621 -1
31353 -1
34924 -1
32730 -1
33626 -1
30697 -1
32913 -1
35669 -1
34553 -1
32523 -1
31649 -1
30972 -1
33547 -1
32938 -1
32257 -1
00764 -1
34616 -1
35473 -1
31666 -1
34312 -1
31963 -1
30920 -1
35332 -1
31641 -1
30125 -1
33175 -1
35957 -1
32914 -1
33509 -1
00054 -1
34954 -1
00393 -1
32164 -1
32300 -1
35645 -1
00432 -1
31476 -1
34310 -1
00502 -1
31575 -1
31220 -1
33700 -1
00608 1
00680 -1
35998 -1
30768 -1
00212 -1
35156 -1
33380 -1
33873 -1
34676 -1
34093 -1
35228 -1
31503 -1
00335 -1
00672 -1
36053 -1
35426 -1
32996 -1
34593 -1
31709 -1
34737 -1
31992 -1
30102 -1
31941 -1
00913 -1
33181 -1
35497 -1
00290 -1
31956 -1
32226 -1
34779 -1
31298 -1
00908 -1
33108 -1
33760 -1
30505 -1
35300 -1
00922 -1
00781 -1
32584 -1
00777 -1
34572 -1
35265 -1
31934 -1
34855 -1
32270 -1
35873 -1
35469 -1
30945 -1
33528 -1
35780 -1
33039 -1
34807 -1
33992 -1
33310 -1
33397 -1
32117 -1
34414 -1
32460 -1
32995 -1
00007 -1
34869 -1
35423 -1
32588 -1
31782 -1
00160 -1
35343 -1
30856 -1
36083 -1
00342 -1
34335 -1
30093 -1
32036 -1
35377 -1
35263 -1
34157 -1
33515 -1
31268 -1
36036 -1
30731 -1
32030 -1
35598 -1
35026 -1
35546 -1
33490 -1
35595 -1
33406 -1
30862 -1
31905 -1
32454 -1
31345 -1
33184 -1
32861 -1
32787 -1
32032 -1
33546 -1
00900 -1
32497 -1
31088 -1
35230 -1
32889 -1
32901 -1
00103 -1
31315 -1
00460 -1
31449 -1
35755 -1
31827 -1
35476 -1
32780 -1
34043 -1
31193 -1
34458 -1
32310 -1
34705 -1
32351 -1
30471 -1
32507 -1
35778 -1
00738 -1
31731 -1
34422 -1
33352 -1
00697 -1
35484 -1
00032 -1
31838 -1
31412 -1
34306 -1
32651 -1
35564 -1
33932 -1
33539 -1
35562 -1
31243 -1
31458 -1
34768 -1
33137 -1
34471 -1
31790 -1
32350 -1
00313 -1
32399 -1
30888 -1
30875 -1
31725 -1
32168 -1
30045 -1
30563 -1
34960 -1
00821 -1
30591 -1
32857 -1
30967 -1
33071 -1
31597 -1
33248 -1
34665 -1
33813 -1
32224 -1
00691 -1
34231 -1
35163 -1
33630 -1
33058 -1
33351 -1
00273 -1
31717 -1
35117 -1
35462 -1
32217 -1
32380 -1
35388 -1
33893 -1
34461 -1
35651 -1
30750 -1
34001 -1
32866 -1
33763 -1
31133 -1
32439 -1
30441 -1
34090 -1
33721 -1
33796 -1
00528 -1
33299 -1
31568 -1
00823 -1
00085 -1
32085 -1
34202 -1
00529 -1
32647 -1
31389 -1
35262 -1
31484 -1
31134 -1
30003 -1
34866 -1
32758 -1
35019 -1
35402 -1
33101 -1
31479 -1
00278 -1
35865 -1
31119 -1
33908 -1
34901 -1
30090 -1
00559 -1
30409 -1
32248 -1
33308 -1
30374 -1
00509 -1
35790 -1
30422 -1
33113 -1
33097 -1
32221 -1
34896 -1
34892 -1
31791 -1
00477 -1
30617 -1
33439 -1
32282 -1
00881 -1
35303 -1
00203 -1
00893 -1
34186 -1
33163 -1
00272 -1
34355 -1
32807 -1
31051 -1
33570 -1
35914 -1
32222 -1
34943 -1
00052 -1
31935 -1
32661 -1
31922 -1
33844 -1
36013 -1
31374 -1
30661 -1
30529 -1
35266 -1
30819 -1
35211 -1
33002 -1
31796 -1
32027 -1
00057 -1
31044 -1
33032 -1
34144 -1
34733 -1
33618 -1
31340 -1
33307 -1
33766 -1
31574 -1
33259 -1
34378 -1
33191 -1
34571 -1
33978 -1
34680 -1
33769 -1
30116 -1
33597 -1
00479 -1
00776 -1
34897 -1
32672 -1
00710 -1
31975 -1
36026 -1
32728 -1
35325 -1
31287 -1
30391 -1
00025 -1
32349 -1
33506 -1
31012 -1
31606 -1
34761 -1
30083 -1
35151 -1
32542 -1
33661 -1
32075 -1
35309 -1
30199 -1
30673 -1
32683 -1
32620 -1
30103 -1
00515 -1
34122 -1
00869 -1
30018 -1
32172 -1
00508 -1
32276 -1
35277 -1
34146 -1
31696 -1
00704 -1
31228 -1
35939 -1
35872 -1
33176 -1
00153 -1
30807 -1
31203 -1
00558 -1
33521 -1
33345 -1
33619 -1
33710 -1
00230 -1
00356 -1
00842 -1
00561 -1
33573 -1
32312 -1
35526 -1
30481 -1
31377 -1
34008 -1
33217 -1
34973 -1
33922 -1
30202 -1
32609 -1
34514 -1
31211 -1
31748 -1
30977 -1
35519 -1
30823 -1
35817 -1
00629 -1
31403 -1
33949 -1
33746 -1
33443 -1
32788 -1
36091 -1
00686 -1
35831 -1
00240 -1
32655 -1
35525 -1
34416 -1
33428 -1
33249 -1
35124 -1
34170 -1
30070 -1
32679 -1
33147 -1
32581 -1
32144 -1
31967 -1
33968 -1
30265 -1
31497 -1
00061 -1
00706 -1
34318 -1
31724 -1
34629 -1
35147 -1
32379 -1
31418 -1
00724 -1
30355 -1
34581 -1
31107 -1
33485 -1
35922 -1
36086 -1
32851 -1
34688 -1
00796 -1
00366 -1
35880 -1
35502 -1
34916 -1
32818 -1
34237 -1
31884 -1
35347 -1
35543 -1
35656 -1
31747 -1
31971 -1
34847 -1
34217 -1
36028 -1
34598 -1
31115 -1
32467 -1
31129 -1
00894 -1
00340 -1
35077 -1
30812 -1
31215 -1
32070 -1
30861 -1
32952 -1
33317 -1
33758 -1
32863 -1
31522 -1
35355 -1
31406 -1
30308 -1
35483 -1
34433 -1
34549 -1
31674 -1
34701 -1
32218 -1
34026 -1
34576 -1
30989 -1
32294 -1
32038 -1
30690 -1
33629 -1
35254 -1
32707 -1
35418 -1
33363 -1
34127 -1
00539 -1
34741 -1
30784 -1
32022 -1
35439 -1
34970 -1
33001 -1
33287 -1
32589 -1
34307 -1
32366 -1
32244 -1
33088 -1
33507 -1
30526 -1
31571 -1
31950 -1
34872 -1
31478 -1
00546 -1
32768 -1
30264 -1
00570 -1
32198 -1
32785 -1
35970 -1
30836 -1
31070 -1
30239 -1
35924 -1
30860 -1
35385 -1
00835 -1
34929 -1
30667 -1
30067 -1
32989 -1
30551 -1
30460 -1
31078 -1
35116 -1
30637 -1
34427 -1
31098 -1
33496 -1
31154 -1
35951 -1
35977 -1
00437 -1
30942 -1
35380 -1
34459 -1
31749 -1
35461 -1
34966 -1
35904 -1
33313 -1
32611 -1
32582 -1
31823 -1
34407 -1
32086 -1
35515 -1
35611 -1
32933 -1
35414 -1
32214 -1
34683 -1
36084 -1
34344 -1
00497 -1
31419 -1
35862 -1
31502 -1
35401 -1
32948 -1
30670 -1
30064 -1
33905 -1
32384 -1
00069 -1
30710 -1
32413 -1
31660 -1
31921 -1
33947 -1
00720 -1
33333 -1
32065 -1
35031 -1
35161 -1
31451 -1
33221 -1
30556 -1
34252 -1
36016 -1
35119 -1
33006 -1
31746 -1
32699 -1
34723 -1
00907 -1
30392 -1
35141 -1
00844 -1
33580 -1
00748 -1
00004 -1
00496 -1
34216 -1
30038 -1
30850 -1
35636 -1
33800 -1
35122 -1
35179 -1
35088 -1
30237 -1
35200 -1
33469 -1
31938 -1
00612 1
30287 -1
33162 -1
35931 -1
30404 -1
32125 -1
33279 -1
35205 -1
30821 -1
33151 -1
32511 -1
34055 -1
33497 -1
34981 -1
34403 -1
31518 -1
32196 -1
34323 -1
35635 -1
00756 -1
32578 -1
34873 -1
35758 -1
34589 -1
33359 -1
00165 -1
33888 -1
00289 -1
34609 -1
00590 -1
30019 -1
34287 -1
31878 -1
30203 -1
30304 -1
35908 -1
35946 -1
33009 -1
34330 -1
34946 -1
34711 -1
34309 -1
34865 -1
35942 -1
34253 -1
30445 -1
34949 -1
00754 -1
31640 -1
32192 -1
35830 -1
32610 -1
30349 -1
33478 -1
32335 -1
00429 -1
00208 -1
00504 -1
32148 -1
32884 -1
31080 -1
30658 -1
34772 -1
34570 -1
33840 -1
33123 -1
30468 -1
31404 -1
34460 -1
32999 -1
00130 -1
00929 -1
00023 -1
00078 -1
33390 -1
35719 -1
30494 -1
34054 -1
35821 -1
30306 -1
00146 -1
31288 -1
33357 -1
31936 -1
33929 -1
33441 -1
31890 -1
35480 -1
30791 -1
35299 -1
31208 -1
31970 -1
33909 -1
33815 -1
32688 -1
33645 -1
34445 -1
33273 -1
32904 -1
33860 -1
33115 -1
32141 -1
33453 -1
30826 -1
31013 -1
30246 -1
31638 -1
00728 -1
30806 -1
30320 -1
00708 -1
34430 -1
33030 -1
35015 -1
00471 -1
00483 -1
30513 -1
31363 -1
32828 -1
30266 -1
35708 -1
34518 -1
32660 -1
00336 -1
00586 -1
36009 -1
31715 -1
32496 -1
00092 -1
32972 -1
31045 -1
34126 -1
30013 -1
32847 -1
30744 -1
35753 -1
34537 -1
32053 -1
32964 -1
00520 -1
34436 -1
00022 -1
34714 -1
31767 -1
31928 -1
31933 -1
30026 -1
34748 -1
34948 -1
31177 -1
31494 -1
33911 -1
35438 -1
30119 -1
35358 -1
33972 -1
35078 -1
30572 -1
35456 -1
31306 -1
33772 -1
31919 -1
34028 -1
30022 -1
30992 -1
35442 -1
30644 -1
30408 -1
31668 -1
32360 -1
30333 -1
34394 -1
30310 -1
35932 -1
34341 -1
34147 -1
34130 -1
34224 -1
30796 -1
31672 -1
34941 -1
00616 -1
35185 -1
32491 -1
00463 -1
32622 -1
31411 -1
31630 -1
31042 -1
00093 1
33697 -1
34299 -1
34775 -1
35127 -1
32811 -1
33643 -1
36054 -1
00431 -1
33935 -1
00618 -1
30724 -1
30326 -1
31525 -1
31483 -1
00039 -1
33465 -1
35945 -1
32378 -1
30706 -1
00837 -1
33861 -1
32731 -1
30478 -1
35465 -1
31643 -1
31645 -1
34038 -1
34172 -1
33309 -1
32236 -1
31561 -1
35048 -1
33215 -1
31683 -1
31865 -1
34137 -1
00372 -1
30416 -1
00087 -1
30079 -1
31639 -1
35374 -1
34385 -1
33773 -1
34118 -1
00603 -1
34550 -1
00740 -1
30628 -1
33572 -1
00200 -1
31793 -1
30390 -1
35652 -1
34913 -1
00554 -1
32089 -1
00576 -1
35878 -1
33542 -1
32716 -1
00747 -1
00831 -1
35489 -1
32602 -1
33131 -1
31826 -1
35511 -1
30020 -1
33061 -1
32305 -1
00178 -1
00044 -1
34845 -1
30215 -1
32436 -1
33931 -1
35536 -1
30207 -1
00739 -1
31407 -1
34435 -1
32293 -1
35075 -1
33615 -1
00238 -1
00225 -1
33671 -1
31050 -1
00544 -1
31997 -1
30970 -1
35626 -1
31541 -1
30316 -1
35508 -1
35338 -1
00896 -1
32603 -1
31857 -1
32079 -1
36020 -1
33369 -1
33993 -1
30121 -1
31546 -1
00258 -1
34346 -1
31940 -1
30171 -1
34657 -1
33889 -1
33789 -1
34668 -1
00617 -1
34898 -1
30491 -1
30218 -1
33712 -1
31560 -1
30959 -1
34939 -1
33750 -1
35421 -1
30501 -1
35452 -1
32254 -1
34543 -1
00024 -1
35901 -1
31450 -1
34489 -1
34314 -1
32966 -1
30561 -1
00075 -1
30043 -1
00478 -1
35863 -1
31880 -1
32485 -1
31616 -1
30587 -1
33454 -1
00549 -1
32681 -1
34698 -1
00337 -1
31853 -1
33685 -1
35212 -1
35542 -1
34511 -1
33014 -1
00020 -1
34492 -1
00301 -1
33774 -1
35654 -1
00734 -1
31289 -1
31713 -1
30934 -1
32450 -1
33178 -1
31889 -1
00126 -1
31232 -1
33396 -1
00365 -1
35356 -1
30347 -1
30746 -1
34437 -1
35941 -1
30442 -1
35308 -1
30693 -1
33314 -1
33426 -1
32559 -1
31075 -1
34635 -1
35415 -1
00619 -1
34903 -1
33293 -1
30525 -1
30720 -1
33550 -1
34022 -1
30479 -1
32135 -1
33244 -1
00277 -1
33179 -1
00117 -1
33612 -1
33144 -1
00534 -1
31955 -1
30899 -1
00083 -1
31549 -1
00204 -1
00592 -1
00733 -1
00243 -1
34702 -1
30289 -1
33794 -1
33957 -1
35139 -1
32076 -1
31621 -1
35307 -1
35095 -1
31422 -1
31860 -1
33375 -1
34561 -1
34636 -1
33827 -1
32211 -1
30739 -1
32975 -1
36078 -1
33411 -1
35505 -1
31779 -1
31398 -1
33321 -1
34206 -1
35495 -1
33378 -1
30932 -1
30498 -1
36037 -1
34828 -1
32706 -1
31545 -1
31427 -1
34226 -1
32612 -1
32176 -1
00307 -1
33457 -1
00326 -1
34163 -1
31110 -1
33706 -1
35531 -1
32682 -1
31816 -1
00583 -1
34158 -1
31679 -1
33187 -1
32278 -1
30260 -1
33005 -1
36079 -1
30120 -1
32059 -1
34475 -1
31083 -1
00068 -1
00387 -1
00288 -1
00074 -1
34508 -1
35923 -1
34740 -1
00467 -1
36032 -1
33104 -1
32592 -1
34128 -1
35724 -1
00378 -1
34678 -1
30364 -1
34261 -1
36081 -1
30428 -1
30506 -1
32145 -1
30929 -1
30921 -1
00552 -1
34177 -1
31339 -1
33044 -1
34789 -1
00906 -1
00775 -1
32729 -1
34159 -1
30719 -1
35494 -1
33631 -1
32411 -1
33337 -1
34538 -1
32291 -1
32579 -1
00581 -1
30139 -1
35860 -1
30331 -1
33802 -1
32650 -1
32231 -1
35748 -1
31390 -1
32337 -1
34409 -1
33107 -1
32600 -1
32765 -1
34092 -1
30813 -1
32883 -1
00746 -1
32183 -1
00692 -1
00038 -1
31994 -1
00591 -1
30845 -1
36042 -1
30387 -1
31135 -1
33200 -1
33127 -1
35747 -1
33788 -1
32109 -1
30280 -1
35148 -1
31784 -1
35178 -1
32852 -1
31757 -1
32691 -1
31651 -1
33438 -1
00741 -1
36077 -1
00425 -1
35859 -1
34337 -1
31010 -1
00850 -1
32156 -1
30747 -1
33456 -1
35229 -1
35012 -1
33338 -1
33677 -1
32033 -1
35235 -1
30728 -1
32296 -1
00569 -1
00076 -1
00926 -1
00624 -1
00799 -1
34580 -1
32329 -1
31496 -1
31456 -1
30730 -1
33085 -1
31304 -1
30076 -1
32342 -1
32007 -1
33311 -1
30940 -1
35207 -1
33048 -1
32348 -1
32020 -1
00904 -1
31527 -1
34557 -1
35201 -1
30200 -1
30208 -1
33080 -1
30074 -1
31892 -1
32504 -1
33682 -1
34823 -1
35853 -1
31053 -1
32988 -1
30290 -1
32034 -1
33082 -1
35034 -1
31188 -1
35909 -1
34722 -1
00822 -1
00774 -1
33892 -1
34968 -1
32881 -1
34654 -1
35793 -1
35435 -1
36063 -1
30159 -1
30006 -1
34650 -1
32930 -1
35168 -1
33807 -1
34888 -1
33793 -1
32146 -1
30285 -1
35181 -1
32498 -1
30351 -1
33066 -1
34645 -1
34491 -1
35079 -1
33531 -1
34770 -1
34251 -1
32062 -1
33751 -1
33689 -1
34184 -1
33391 -1
31858 -1
33000 -1
00596 -1
33322 -1
34839 -1
31145 -1
31346 -1
00824 -1
32421 -1
00141 -1
30499 -1
30427 -1
32806 -1
32522 -1
32954 -1
35403 -1
00051 -1
31156 -1
00845 -1
30849 -1
33297 -1
35052 -1
00874 -1
32956 -1
31378 -1
00895 -1
33214 -1
30475 -1
30338 -1
33966 -1
32390 -1
32701 -1
00627 -1
30947 -1
31543 -1
35333 -1
31248 -1
35969 -1
34915 -1
33065 -1
30946 -1
31159 -1
32505 -1
00215 -1
30782 -1
35521 -1
31663 -1
30109 -1
31681 -1
32690 -1
31739 -1
32405 -1
30365 -1
30336 -1
34210 -1
32770 -1
34802 -1
31908 -1
35413 -1
33360 -1
31197 -1
31201 -1
00299 -1
31017 -1
34809 -1
31180 -1
00310 -1
35597 -1
00899 -1
00607 1
00067 -1
33481 -1
33487 -1
31086 -1
31694 -1
00670 -1
32426 -1
31620 -1
30319 -1
00588 -1
34546 -1
00485 -1
34961 -1
30436 -1
33792 -1
33942 -1
34150 -1
34273 -1
30815 -1
00931 -1
33956 -1
00346 -1
30668 -1
33246 -1
33442 -1
32985 -1
00152 -1
30440 -1
34421 -1
33243 -1
33505 -1
00493 -1
31174 -1
31998 -1
30473 -1
00735 -1
34494 -1
30545 -1
32737 -1
32841 -1
31595 -1
31825 -1
31323 -1
30626 -1
30734 -1
34112 -1
35837 -1
31684 -1
30662 -1
31310 -1
32644 -1
34239 -1
36039 -1
32958 -1
32628 -1
33737 -1
31175 -1
35071 -1
00318 -1
31104 -1
32271 -1
31194 -1
00700 -1
30081 -1
32227 -1
30599 -1
31229 -1
34912 -1
32971 -1
00254 -1
30613 -1
30211 -1
32435 -1
34516 -1
00395 -1
32892 -1
00161 -1
32363 -1
31039 -1
32528 -1
30394 -1
35459 -1
31510 -1
00332 -1
30770 -1
31993 -1
35944 -1
00018 -1
32705 -1
32170 -1
34738 -1
00648 -1
00066 -1
34792 -1
32874 -1
30092 -1
34162 -1
32336 -1
32438 -1
33190 -1
34466 -1
31392 -1
30037 -1
31565 -1
35622 -1
32501 -1
32437 -1
35273 -1
35222 -1
31524 -1
32719 -1
34415 -1
34851 -1
00688 -1
35874 -1
33070 -1
32987 -1
30257 -1
33488 -1
31798 -1
34123 -1
33013 -1
30718 -1
35237 -1
00397 -1
34548 -1
00868 -1
34069 -1
00857 -1
34071 -1
31834 -1
31092 -1
33747 -1
34301 -1
31252 -1
34104 -1
31168 -1
31962 -1
30797 -1
32106 -1
30098 -1
32423 -1
30350 -1
00220 -1
30136 -1
32099 -1
32100 -1
33220 -1
30781 -1
34211 -1
34801 -1
32637 -1
34985 -1
32265 -1
33628 -1
00753 -1
32202 -1
35040 -1
30737 -1
35030 -1
31181 -1
34196 -1
31797 -1
32843 -1
32572 -1
30691 -1
31648 -1
00825 -1
00184 -1
31442 -1
33132 -1
31951 -1
31189 -1
34300 -1
00699 -1
00144 -1
32182 -1
33029 -1
30843 -1
33877 -1
33841 -1
00575 -1
35470 -1
30084 -1
33383 -1
30217 -1
33752 -1
31625 -1
31944 -1
34125 -1
34349 -1
00812 -1
00172 -1
33801 -1
33997 -1
30582 -1
33286 -1
31096 -1
30649 -1
00441 -1
34426 -1
35310 -1
32476 -1
00373 -1
34238 -1
31084 -1
35454 -1
35016 -1
33975 -1
34376 -1
32596 -1
00571 -1
32643 -1
34057 -1
31067 -1
30597 -1
34520 -1
33701 -1
35411 -1
30397 -1
32838 -1
32890 -1
00897 -1
35972 -1
31803 -1
00757 -1
30622 -1
34348 -1
33024 -1
35195 -1
31881 -1
34942 -1
30279 -1
32658 -1
32659 -1
33554 -1
34739 -1
35471 -1
34938 -1
33684 -1
31981 -1
31517 -1
00846 -1
00115 -1
34106 -1
32448 -1
33063 -1
33164 -1
00127 -1
31264 -1
31758 -1
34129 -1
31737 -1
33568 -1
34343 -1
30210 -1
30557 -1
31723 -1
35926 -1
34634 -1
00105 -1
33845 -1
35834 -1
31743 -1
32797 -1
30568 -1
35096 -1
34719 -1
34747 -1
32962 -1
30444 -1
32891 -1
00671 -1
00872 -1
30745 -1
30472 -1
34347 -1
34735 -1
34155 -1
34154 -1
31468 -1
33858 -1
32239 -1
35447 -1
34009 -1
30982 -1
32676 -1
35422 -1
31831 -1
30486 -1
35417 -1
00084 -1
35225 -1
35368 -1
31457 -1
34923 -1
32074 -1
34638 -1
33344 -1
30927 -1
31224 -1
31038 -1
34257 -1
30502 -1
30131 -1
35137 -1
30435 -1
33060 -1
35271 -1
33787 -1
35838 -1
00752 -1
34328 -1
00091 -1
32533 -1
00368 -1
34064 -1
30886 -1
33632 -1
31667 -1
31474 -1
31836 -1
00916 -1
34745 -1
00404 -1
32484 -1
34667 -1
31627 -1
30124 -1
34982 -1
00772 -1
35367 -1
30014 -1
30876 -1
32993 -1
32326 -1
30798 -1
35655 -1
30425 -1
34997 -1
32459 -1
34189 -1
34255 -1
33022 -1
33047 -1
35578 -1
35072 -1
34808 -1
31855 -1
31577 -1
34443 -1
34358 -1
35552 -1
30985 -1
35994 -1
31547 -1
00698 -1
30305 -1
32569 -1
31475 -1
33036 -1
33371 -1
31290 -1
33862 -1
35596 -1
32328 -1
00014 -1
31164 -1
34945 -1
32051 -1
34288 -1
31920 -1
31647 -1
35395 -1
34632 -1
31557 -1
00198 -1
00050 -1
35627 -1
31048 -1
35102 -1
32558 -1
33033 -1
31436 -1
35208 -1
33713 -1
30100 -1
34890 -1
33055 -1
32963 -1
31837 -1
35867 -1
33084 -1
31196 -1
32749 -1
33536 -1
32974 -1
31664 -1
32869 -1
33743 -1
33971 -1
32322 -1
00226 -1
34149 -1
30595 -1
34311 -1
33510 -1
33052 -1
30543 -1
33639 -1
00231 -1
35397 -1
30963 -1
33304 -1
00408 -1
35376 -1
33558 -1
30918 -1
33623 -1
30611 -1
31465 -1
30870 -1
32094 -1
33849 -1
32839 -1
00681 -1
35032 -1
31027 -1
30569 -1
34868 -1
34694 -1
32649 -1
32474 -1
32037 -1
31990 -1
33933 -1
34517 -1
00205 -1
33298 -1
31774 -1
33818 -1
35321 -1
31871 -1
34853 -1
00253 -1
31142 -1
30614 -1
30736 -1
34493 -1
35443 -1
33491 -1
32479 -1
30366 -1
00861 -1
00542 -1
00030 -1
34623 -1
31480 -1
31882 -1
35850 -1
32025 -1
32693 -1
30007 -1
00876 -1
34481 -1
33984 -1
30777 -1
33954 -1
34974 -1
33197 -1
33886 -1
34178 -1
31653 -1
31239 -1
00159 -1
34653 -1
32237 -1
00524 -1
30653 -1
32751 -1
32640 -1
00121 -1
34297 -1
00466 -1
32013 -1
00792 -1
31792 -1
32084 -1
34030 -1
33981 -1
32547 -1
33882 -1
35695 -1
32556 -1
34527 -1
31969 -1
34317 -1
34190 -1
33374 -1
32343 -1
33756 -1
34316 -1
35788 -1
31512 -1
00879 -1
00150 -1
30786 -1
33194 -1
30421 -1
34456 -1
30656 -1
31530 -1
00142 -1
30639 -1
30155 -1
30574 -1
33126 -1
00376 -1
34504 -1
33412 -1
32113 -1
34139 -1
34014 -1
30027 -1
35554 -1
31334 -1
31781 -1
35352 -1
34965 -1
00500 -1
30999 -1
32387 -1
31818 -1
00567 -1
00703 -1
30198 -1
00242 -1
00729 -1
33173 -1
00473 -1
31313 -1
32834 -1
34425 -1
32159 -1
31103 -1
33017 -1
00925 -1
34432 -1
35044 -1
30087 -1
33329 -1
32035 -1
35017 -1
33989 -1
35234 -1
31581 -1
30518 -1
35889 -1
35389 -1
30275 -1
34732 -1
35579 -1
00793 -1
34101 -1
32827 -1
32666 -1
00094 1
31113 -1
00903 -1
34544 -1
35935 -1
30833 -1
34999 -1
32306 -1
30371 -1
31617 -1
32185 -1
34524 -1
34228 -1
30291 -1
34552 -1
00027 -1
34984 -1
35843 -1
31225 -1
33676 -1
31473 -1
00010 -1
33046 -1
35081 -1
00631 -1
31245 -1
31393 -1
31016 -1
00316 -1
30352 -1
31726 -1
32969 -1
35429 -1
32895 -1
30594 -1
33575 -1
32029 -1
35242 -1
33207 -1
30142 -1
32444 -1
31213 -1
35326 -1
34523 -1
30944 -1
33154 -1
34777 -1
34381 -1
34081 -1
30990 -1
30106 -1
30183 -1
00890 -1
31629 -1
31167 -1
31735 -1
33709 -1
35093 -1
30890 -1
35828 -1
34012 -1
35087 -1
32481 -1
32206 -1
33717 -1
30650 -1
31778 -1
00276 -1
30793 -1
36000 -1
35905 -1
30864 -1
32680 -1
30997 -1
34439 -1
31440 -1
35313 -1
30570 -1
33045 -1
35925 -1
35687 -1
00430 -1
00334 -1
00705 -1
30816 -1
32500 -1
30672 -1
30035 -1
32268 -1
32255 -1
34706 -1
32178 -1
34362 -1
31308 -1
34746 -1
31918 -1
33659 -1
31314 -1
33074 -1
34102 -1
34731 -1
30361 -1
30115 -1
31238 -1
33614 -1
31157 -1
32263 -1
35060 -1
35879 -1
31305 -1
31114 -1
31351 -1
33205 -1
30223 -1
32855 -1
33078 -1
32249 -1
31355 -1
30474 -1
34684 -1
30514 -1
32990 -1
32469 -1
33599 -1
33885 -1
32132 -1
34681 -1
33738 -1
30381 -1
33698 -1
33498 -1
34215 -1
00632 -1
35833 -1
31179 -1
31001 -1
30197 -1
35155 -1
30584 -1
33319 -1
31040 -1
32091 -1
34679 -1
32518 -1
35605 -1
34109 -1
31316 -1
32665 -1
00060 -1
31573 -1
31601 -1
31973 -1
32766 -1
34633 -1
31623 -1
30181 -1
32702 -1
33089 -1
31752 -1
32056 -1
33587 -1
35387 -1
33027 -1
33413 -1
00124 -1
35836 -1
34260 -1
32471 -1
33392 -1
33541 -1
00545 -1
30748 -1
32177 -1
00871 -1
32347 -1
34480 -1
30688 -1
32776 -1
00664 -1
32256 -1
30453 -1
00732 -1
34077 -1
30417 -1
00381 -1
35992 -1
33522 -1
36034 -1
00287 -1
31566 -1
34329 -1
00721 -1
31604 -1
33977 -1
00870 -1
35744 -1
00189 -1
30616 -1
35274 -1
32212 -1
34218 -1
31269 -1
33332 -1
35210 -1
35445 -1
30615 -1
30259 -1
32745 -1
32717 -1
00682 -1
30583 -1
32216 -1
35339 -1
30359 -1
33994 -1
35527 -1
32021 -1
33683 -1
31428 -1
31862 -1
35856 -1
31564 -1
00537 -1
00517 -1
33941 -1
32796 -1
30426 -1
34964 -1
35215 -1
31187 -1
35419 -1
35372 -1
30827 -1
35911 -1
33037 -1
33354 -1
30401 -1
32593 -1
00063 -1
33355 -1
35567 -1
36066 -1
31652 -1
35679 -1
34525 -1
30117 -1
32376 -1
33795 -1
30987 -1
34142 -1
30976 -1
31833 -1
33023 -1
35198 -1
00377 -1
32253 -1
35467 -1
31605 -1
33577 -1
32201 -1
36064 -1
35485 -1
33594 -1
34986 -1
31987 -1
31893 -1
00601 -1
33953 -1
34468 -1
31286 -1
33565 -1
34219 -1
34049 -1
33291 -1
32289 -1
30715 -1
32408 -1
31733 -1
33035 -1
32152 -1
32149 -1
32195 -1
33170 -1
35479 -1
31698 -1
30295 -1
30009 -1
31122 -1
35384 -1
32865 -1
33651 -1
31859 -1
32126 -1
34039 -1
35331 -1
31677 -1
32872 -1
34764 -1
34871 -1
00484 -1
00820 -1
31222 -1
32594 -1
30554 -1
31391 -1
34637 -1
32978 -1
33057 -1
34322 -1
32623 -1
00848 -1
00100 -1
34470 -1
33810 -1
00217 -1
35001 -1
35231 -1
00379 -1
00013 -1
00535 -1
30137 -1
32809 -1
30495 -1
34048 -1
35450 -1
35145 -1
33875 -1
32771 -1
33944 -1
30088 -1
35314 -1
34875 -1
31166 -1
33451 -1
00058 -1
30633 -1
35318 -1
34506 -1
31801 -1
30725 -1
35477 -1
32816 -1
32782 -1
30593 -1
32617 -1
33943 -1
00419 -1
00787 -1
30703 -1
35383 -1
32189 -1
33557 -1
33462 -1
35140 -1
00443 -1
34248 -1
32824 -1
30195 -1
00804 -1
33654 -1
32373 -1
