org 测试一千张车牌              org 测试一百张车牌       
zero 507 511 0.99217221135      zero 46 46 1.0             
one 415 420 0.988095238095      one 47 47 1.0              
two 418 420 0.995238095238      two 48 48 1.0              
three 387 388 0.997422680412    three 33 33 1.0            
four 153 156 0.980769230769     four 6 6 1.0               
five 420 420 1.0                five 49 49 1.0             
six 410 412 0.995145631068      six 33 33 1.0              
seven 382 382 1.0               seven 44 44 1.0            
eight 443 447 0.991051454139    eight 46 47 0.978723404255 
nine 394 394 1.0                nine 44 44 1.0             
a 530 532 0.996240601504        a 56 56 1.0                
b 158 162 0.975308641975        b 10 11 0.909090909091     
c 103 104 0.990384615385        c 13 13 1.0                
d 144 148 0.972972972973        d 12 12 1.0                
e 121 123 0.983739837398        e 7 7 1.0                  
f 72 72 1.0                     f 7 7 1.0
g 69 71 0.971830985915          g 5 6 0.833333333333
h 86 86 1.0                     h 10 10 1.0
j 65 65 1.0                     j 4 4 1.0
k 55 55 1.0                     k 5 5 1.0
l 61 61 1.0                     l 4 4 1.0
m 53 53 1.0                     m 2 2 1.0
n 43 43 1.0                     n 7 7 1.0
p 55 56 0.982142857143          p 6 6 1.0
q 55 55 1.0                     q 6 6 1.0
r 27 27 1.0                     r 2 2 1.0
s 62 62 1.0                     s 8 8 1.0
t 37 38 0.973684210526          t 5 5 1.0
u 36 36 1.0                     u 6 6 1.0
v 31 32 0.96875                 v 6 7 0.857142857143
w 31 31 1.0                     w 4 4 1.0
x 55 55 1.0                     x 8 8 1.0
y 50 50 1.0                     y 5 5 1.0
z 27 27 1.0                     z 3 3 1.0
sh 106 106 1.0                  sh 8 8 1.0
js 53 54 0.981481481481         js 2 2 1.0
ha 30 31 0.967741935484         ha 3 3 1.0
ah 43 43 1.0                    ah 6 6 1.0
zj 28 28 1.0                    zj 4 4 1.0
bj 26 28 0.928571428571         bj 4 4 1.0
tj 19 19 1.0                    tj 1 1 1.0
cq 25 25 1.0                    cq 4 4 1.0
he 34 35 0.971428571429         he 6 6 1.0
yn 34 34 1.0                    yn 4 4 1.0
ln 21 21 1.0                    hn 1 1 1.0
hl 13 14 0.928571428571         sd 21 21 1.0
hn 17 18 0.944444444444         sc 4 4 1.0
sd 156 156 1.0                  hb 2 2 1.0
sc 19 19 1.0                    sx 2 2 1.0
jx 17 17 1.0                    sn 2 3 0.666666666667
hb 26 27 0.962962962963         jl 1 1 1.0
gs 6 7 0.857142857143           fj 2 2 1.0
sx 29 33 0.878787878788         gz 2 2 1.0
sn 13 14 0.928571428571         gd 2 2 1.0
jl 17 19 0.894736842105         gx 5 5 1.0
fj 34 36 0.944444444444         qh 1 1 1.0
gz 28 29 0.965517241379         hi 5 5 1.0
gd 39 39 1.0                    nx 2 2 1.0
gx 20 20 1.0                    xz 1 1 1.0
qh 16 19 0.842105263158         nm 3 3 1.0
hi 37 40 0.925                  xj 0 1 0.0
nx 18 20 0.9                    xue 1 1 1.0
xz 14 14 1.0                    696 702 0.991452991453
nm 22 22 1.0                    whole image stat:
xj 6 10 0.6                     95 100 0.95
xue 17 17 1.0                   Done
gua 2 3 0.666666666667
shi 0 2 0.0
jun 0 1 0.0
6940 7014 0.989449672084
whole image stat:
948 1000 0.948
Done


693 702 0.987179487179
whole image stat:
93 100 0.93


org 5000次迭代 100次测试       org 5000次迭代 1000次测试            org sec 5000次迭代 100次测试    org sec 5000次迭代 1000次测试
zero 43 46 0.934782608696      zero 472 511 0.923679060665          zero 43 46 0.934782608696       zero 470 511 0.919765166341
one 42 47 0.893617021277       one 374 420 0.890476190476           one 44 47 0.936170212766        one 382 420 0.909523809524
two 45 48 0.9375               two 384 420 0.914285714286           two 47 48 0.979166666667        two 407 420 0.969047619048
three 33 33 1.0                three 374 388 0.963917525773         three 32 33 0.969696969697      three 375 388 0.966494845361
four 3 6 0.5                   four 115 156 0.737179487179          four 4 6 0.666666666667         four 128 156 0.820512820513
five 46 49 0.938775510204      five 402 420 0.957142857143          five 47 49 0.959183673469       five 399 420 0.95
six 29 33 0.878787878788       six 398 412 0.966019417476           six 31 33 0.939393939394        six 400 412 0.970873786408
seven 42 44 0.954545454545     seven 358 382 0.937172774869         seven 42 44 0.954545454545      seven 360 382 0.942408376963
eight 41 47 0.872340425532     eight 378 447 0.845637583893         eight 43 47 0.914893617021      eight 402 447 0.89932885906
nine 43 44 0.977272727273      nine 389 394 0.98730964467           nine 44 44 1.0                  nine 386 394 0.979695431472
a 54 56 0.964285714286         a 494 532 0.928571428571             a 55 56 0.982142857143          a 501 532 0.941729323308
b 3 11 0.272727272727          b 34 162 0.20987654321               b 6 11 0.545454545455           b 116 162 0.716049382716
c 13 13 1.0                    c 74 104 0.711538461538              c 12 13 0.923076923077          c 89 104 0.855769230769
d 1 12 0.0833333333333         d 3 148 0.0202702702703              d 10 12 0.833333333333          d 100 148 0.675675675676
e 7 7 1.0                      e 106 123 0.861788617886             e 7 7 1.0                       e 110 123 0.894308943089
f 4 7 0.571428571429           f 37 72 0.513888888889               f 6 7 0.857142857143            f 63 72 0.875
g 0 6 0.0                      g 0 71 0.0                           g 4 6 0.666666666667            g 46 71 0.647887323944
h 3 10 0.3                     h 22 86 0.255813953488               h 9 10 0.9                      h 73 86 0.848837209302
j 3 4 0.75                     j 58 65 0.892307692308               j 4 4 1.0                       j 58 65 0.892307692308
k 0 5 0.0                      k 2 55 0.0363636363636               k 2 5 0.4                       k 37 55 0.672727272727
l 3 4 0.75                     l 36 61 0.590163934426               l 4 4 1.0                       l 54 61 0.885245901639
m 0 2 0.0                      m 1 53 0.0188679245283               m 2 2 1.0                       m 36 53 0.679245283019
n 0 7 0.0                      n 0 43 0.0                           n 4 7 0.571428571429            n 27 43 0.627906976744
p 3 6 0.5                      p 31 56 0.553571428571               p 6 6 1.0                       p 48 56 0.857142857143
q 0 6 0.0                      q 0 55 0.0                           q 1 6 0.166666666667            q 4 55 0.0727272727273
r 0 2 0.0                      r 0 27 0.0                           r 1 2 0.5                       r 12 27 0.444444444444
s 0 8 0.0                      s 0 62 0.0                           s 3 8 0.375                     s 28 62 0.451612903226
t 0 5 0.0                      t 0 38 0.0                           t 0 5 0.0                       t 3 38 0.0789473684211
u 0 6 0.0                      u 0 36 0.0                           u 2 6 0.333333333333            u 16 36 0.444444444444
v 0 7 0.0                      v 0 32 0.0                           v 3 7 0.428571428571            v 10 32 0.3125
w 0 4 0.0                      w 0 31 0.0                           w 2 4 0.5                       w 6 31 0.193548387097
x 0 8 0.0                      x 0 55 0.0                           x 3 8 0.375                     x 27 55 0.490909090909
y 0 5 0.0                      y 0 50 0.0                           y 3 5 0.6                       y 26 50 0.52
z 0 3 0.0                      z 0 27 0.0                           z 0 3 0.0                       z 0 27 0.0
sh 2 8 0.25                    sh 43 106 0.405660377358             sh 8 8 1.0                      sh 93 106 0.877358490566
js 0 2 0.0                     js 0 54 0.0                          js 2 2 1.0                      js 26 54 0.481481481481
ha 0 3 0.0                     ha 0 31 0.0                          ha 0 3 0.0                      ha 0 31 0.0
ah 0 6 0.0                     ah 0 43 0.0                          ah 1 6 0.166666666667           ah 1 43 0.0232558139535
zj 0 4 0.0                     zj 0 28 0.0                          zj 0 4 0.0                      zj 0 28 0.0
bj 0 4 0.0                     bj 0 28 0.0                          bj 0 4 0.0                      bj 0 28 0.0
tj 0 1 0.0                     tj 0 19 0.0                          tj 0 1 0.0                      tj 0 19 0.0
cq 0 4 0.0                     cq 0 25 0.0                          cq 0 4 0.0                      cq 0 25 0.0
he 0 6 0.0                     he 0 35 0.0                          he 0 6 0.0                      he 0 35 0.0
yn 0 4 0.0                     yn 1 34 0.0294117647059              yn 4 4 1.0                      yn 21 34 0.617647058824
hn 0 1 0.0                     ln 0 21 0.0                          hn 0 1 0.0                      ln 0 21 0.0
sd 0 21 0.0                    hl 0 14 0.0                          sd 10 21 0.47619047619          hl 0 14 0.0
sc 2 4 0.5                     hn 0 18 0.0                          sc 4 4 1.0                      hn 0 18 0.0
hb 0 2 0.0                     sd 1 156 0.00641025641026            hb 0 2 0.0                      sd 79 156 0.50641025641
sx 0 2 0.0                     sc 10 19 0.526315789474              sx 0 2 0.0                      sc 17 19 0.894736842105
sn 0 3 0.0                     jx 0 17 0.0                          sn 0 3 0.0                      jx 0 17 0.0
jl 0 1 0.0                     hb 0 27 0.0                          jl 0 1 0.0                      hb 0 27 0.0
fj 0 2 0.0                     gs 0 7 0.0                           fj 0 2 0.0                      gs 0 7 0.0
gz 0 2 0.0                     sx 0 33 0.0                          gz 0 2 0.0                      sx 0 33 0.0
gd 0 2 0.0                     sn 0 14 0.0                          gd 0 2 0.0                      sn 0 14 0.0
gx 0 5 0.0                     jl 0 19 0.0                          gx 0 5 0.0                      jl 0 19 0.0
qh 0 1 0.0                     fj 0 36 0.0                          qh 0 1 0.0                      fj 0 36 0.0
hi 0 5 0.0                     gz 0 29 0.0                          hi 0 5 0.0                      gz 0 29 0.0
nx 0 2 0.0                     gd 0 39 0.0                          nx 1 2 0.5                      gd 3 39 0.0769230769231
xz 0 1 0.0                     gx 0 20 0.0                          xz 0 1 0.0                      gx 0 20 0.0
nm 0 3 0.0                     qh 0 19 0.0                          nm 0 3 0.0                      qh 0 19 0.0
xj 0 1 0.0                     hi 0 40 0.0                          xj 0 1 0.0                      hi 0 40 0.0
xue 0 1 0.0                    nx 0 20 0.0                          xue 0 1 0.0                     nx 3 20 0.15
465 702 0.662393162393         xz 0 14 0.0                          556 702 0.792022792023          xz 0 14 0.0
whole image stat:              nm 0 22 0.0                          whole image stat:               nm 0 22 0.0
0 100 0.0                      xj 0 10 0.0                          16 100 0.16                     xj 0 10 0.0
Done                           xue 0 17 0.0                         Done                            xue 0 17 0.0
                               gua 0 3 0.0                                                          gua 0 3 0.0
                               shi 0 2 0.0                                                          shi 0 2 0.0
                               jun 0 1 0.0                                                          jun 0 1 0.0
                               4597 7014 0.655403478757                                             5442 7014 0.775876817793
                               whole image stat:                                                    whole image stat:
                               2 1000 0.002                                                         122 1000 0.122
                               Done                                                                 Done


1.小卷积核更适合小特征提取，如果特征相对原图比较小，7x7的卷积核就不如3x3;
2.roi框的准确性，的确是越靠后越差，因此混入些前期卷积的输出是有必要的;
3.卷积通道channel或许存在一个恰当的比例，有些像纺锤体形状，初期卷积通道和
  末期卷积通道都不宜比中间的卷积通道多，不然反而影响效果;


org 5000次迭代                 org 10000次迭代               org 200000万次迭代               
zero 41 46 0.891304347826      zero 44 46 0.95652173913      zero 507 511 0.99217221135           
one 43 47 0.914893617021       one 45 47 0.957446808511      one 418 420 0.995238095238       
two 47 48 0.979166666667       two 47 48 0.979166666667      two 420 420 1.0                  
three 33 33 1.0                three 33 33 1.0               three 388 388 1.0                
four 5 6 0.833333333333        four 5 6 0.833333333333       four 155 156 0.99358974359       
five 49 49 1.0                 five 48 49 0.979591836735     five 420 420 1.0                 
six 30 33 0.909090909091       six 29 33 0.878787878788      six 410 412 0.995145631068       
seven 42 44 0.954545454545     seven 43 44 0.977272727273    seven 382 382 1.0                
eight 39 47 0.829787234043     eight 45 47 0.957446808511    eight 443 447 0.991051454139     
nine 42 44 0.954545454545      nine 42 44 0.954545454545     nine 394 394 1.0                 
a 55 56 0.982142857143         a 55 56 0.982142857143        a 529 532 0.994360902256         
b 2 11 0.181818181818          b 9 11 0.818181818182         b 159 162 0.981481481481         
c 11 13 0.846153846154         c 11 13 0.846153846154        c 103 104 0.990384615385         
d 1 12 0.0833333333333         d 12 12 1.0                   d 146 148 0.986486486486         
e 6 7 0.857142857143           e 7 7 1.0                     e 122 123 0.991869918699                     
===============================================================================            (在第5万次达到最优)
inception 5千次迭代:           inception 1万次迭代:          inception 20万次              inception 5万次
zero 23 46 0.5                 zero 41 46 0.891304347826     zero 42 46 0.913043478261     zero 43 46 0.934782608696
one 18 47 0.382978723404       one 40 47 0.851063829787      one 42 47 0.893617021277      one 44 47 0.936170212766
two 30 48 0.625                two 36 48 0.75                two 42 48 0.875               two 43 48 0.895833333333
three 26 33 0.787878787879     three 31 33 0.939393939394    three 31 33 0.939393939394    three 31 33 0.939393939394
four 0 6 0.0                   four 3 6 0.5                  four 3 6 0.5                  four 4 6 0.666666666667
five 29 49 0.591836734694      five 43 49 0.877551020408     five 45 49 0.918367346939     five 45 49 0.918367346939
six 23 33 0.69696969697        six 28 33 0.848484848485      six 29 33 0.878787878788      six 29 33 0.878787878788
seven 30 44 0.681818181818     seven 37 44 0.840909090909    seven 39 44 0.886363636364    seven 39 44 0.886363636364
eight 16 47 0.340425531915     eight 35 47 0.744680851064    eight 41 47 0.872340425532    eight 41 47 0.872340425532
nine 34 44 0.772727272727      nine 41 44 0.931818181818     nine 41 44 0.931818181818     nine 41 44 0.931818181818
a 25 56 0.446428571429         a 40 56 0.714285714286        a 48 56 0.857142857143        a 48 56 0.857142857143
b 0 11 0.0                     b 4 11 0.363636363636         b 6 11 0.545454545455         b 6 11 0.545454545455
c 1 13 0.0769230769231         c 6 13 0.461538461538         c 13 13 1.0                   c 13 13 1.0
d 0 12 0.0                     d 5 12 0.416666666667         d 12 12 1.0                   d 12 12 1.0
e 3 7 0.428571428571           e 6 7 0.857142857143          e 7 7 1.0                     e 7 7 1.0
===============================================================================
dw 5千次迭代:                  dw 1万次：
zero 26 46 0.565217391304      zero 30 46 0.652173913043
one 29 47 0.617021276596       one 34 47 0.723404255319
two 25 48 0.520833333333       two 27 48 0.5625
three 20 33 0.606060606061     three 20 33 0.606060606061
four 0 6 0.0                   four 1 6 0.166666666667
five 29 49 0.591836734694      five 27 49 0.551020408163
six 22 33 0.666666666667       six 19 33 0.575757575758
seven 29 44 0.659090909091     seven 28 44 0.636363636364
eight 24 47 0.510638297872     eight 28 47 0.595744680851
nine 29 44 0.659090909091      nine 32 44 0.727272727273
a 31 56 0.553571428571         a 24 56 0.428571428571
b 0 11 0.0                     b 4 11 0.363636363636
c 0 13 0.0                     c 5 13 0.384615384615
d 0 12 0.0                     d 11 12 0.916666666667
e 5 7 0.714285714286           e 6 7 0.857142857143
===============================================================================
scale2 normal 5千次迭代         scale2 normalconv 3x3 5千次迭代
zero 23 46 0.5                  zero 14 46 0.304347826087
one 24 47 0.510638297872        one 26 47 0.553191489362
two 22 48 0.458333333333        two 14 48 0.291666666667
three 22 33 0.666666666667      three 17 33 0.515151515152
four 2 6 0.333333333333         four 0 6 0.0
five 30 49 0.612244897959       five 29 49 0.591836734694
six 19 33 0.575757575758        six 16 33 0.484848484848
seven 26 44 0.590909090909      seven 23 44 0.522727272727
eight 22 47 0.468085106383      eight 15 47 0.31914893617
nine 38 44 0.863636363636       nine 33 44 0.75
a 35 56 0.625                   a 37 56 0.660714285714
b 3 11 0.272727272727           b 3 11 0.272727272727
c 1 13 0.0769230769231          c 1 13 0.0769230769231
d 9 12 0.75                     d 5 12 0.416666666667
e 5 7 0.714285714286            e 5 7 0.714285714286
303 702 0.431623931624          246 702 0.350427350427
whole image stat:               whole image stat:
2 100 0.02                      0 100 0.0
===============================================================================
scale2  5千次迭代     
inception conv 7x7 5x5             
zero 22 46 0.478260869565          
one 33 47 0.702127659574           
two 25 48 0.520833333333           
three 26 33 0.787878787879         
four 2 6 0.333333333333            
five 32 49 0.65306122449           
six 25 33 0.757575757576           
seven 31 44 0.704545454545         
eight 20 47 0.425531914894         
nine 33 44 0.75                    
a 30 56 0.535714285714             
b 1 11 0.0909090909091             
c 2 13 0.153846153846              
d 2 12 0.166666666667              
e 4 7 0.571428571429               
293 702 0.417378917379             
whole image stat:                  
1 100 0.01                         

inception conv 3x3                 inception conv 3x3 con2与conv4合并  inception conv 3x3 con2与conv4合并,conv1加nav扩倍
zero 24 46 0.521739130435          zero 36 46 0.782608695652           zero 22 46 0.478260869565
one 39 47 0.829787234043           one 41 47 0.872340425532            one 40 47 0.851063829787
two 38 48 0.791666666667           two 40 48 0.833333333333            two 40 48 0.833333333333
three 30 33 0.909090909091         three 30 33 0.909090909091          three 27 33 0.818181818182
four 2 6 0.333333333333            four 3 6 0.5                        four 2 6 0.333333333333
five 36 49 0.734693877551          five 38 49 0.775510204082           five 40 49 0.816326530612
six 26 33 0.787878787879           six 25 33 0.757575757576            six 26 33 0.787878787879
seven 36 44 0.818181818182         seven 40 44 0.909090909091          seven 35 44 0.795454545455
eight 31 47 0.659574468085         eight 34 47 0.723404255319          eight 30 47 0.63829787234
nine 36 44 0.818181818182          nine 40 44 0.909090909091           nine 40 44 0.909090909091
a 38 56 0.678571428571             a 43 56 0.767857142857              a 41 56 0.732142857143
b 0 11 0.0                         b 0 11 0.0                          b 0 11 0.0
c 5 13 0.384615384615              c 6 13 0.461538461538               c 6 13 0.461538461538
d 1 12 0.0833333333333             d 0 12 0.0                          d 0 12 0.0
e 6 7 0.857142857143               e 7 7 1.0                           e 7 7 1.0
358 702 0.509971509972             390 702 0.555555555556              376 702 0.535612535613
whole image stat:                  whole image stat:                   whole image stat:
1 100 0.01                         0 100 0.0                           1 100 0.01

3x3_conv2+4_g_false               3x3_conv1_group_conv2_dw        3x3_conv1_group_conv2_dw_shuff  3x3_conv1_group_conv2_dw_shuff_neg
zero 41 46 0.891304347826         zero 42 46 0.913043478261        zero 44 46 0.95652173913       zero 41 46 0.891304347826
one 41 47 0.872340425532          one 47 47 1.0                    one 47 47 1.0                  one 45 47 0.957446808511
two 46 48 0.958333333333          two 47 48 0.979166666667         two 47 48 0.979166666667       two 46 48 0.958333333333
three 31 33 0.939393939394        three 32 33 0.969696969697       three 33 33 1.0                three 32 33 0.969696969697
four 3 6 0.5                      four 4 6 0.666666666667          four 3 6 0.5                   four 4 6 0.666666666667
five 45 49 0.918367346939         five 47 49 0.959183673469        five 48 49 0.979591836735      five 47 49 0.959183673469
six 30 33 0.909090909091          six 30 33 0.909090909091         six 30 33 0.909090909091       six 28 33 0.848484848485
seven 42 44 0.954545454545        seven 42 44 0.954545454545       seven 41 44 0.931818181818     seven 42 44 0.954545454545
eight 41 47 0.872340425532        eight 40 47 0.851063829787       eight 37 47 0.787234042553     eight 41 47 0.872340425532
nine 41 44 0.931818181818         nine 40 44 0.909090909091        nine 42 44 0.954545454545      nine 40 44 0.909090909091
a 50 56 0.892857142857            a 52 56 0.928571428571           a 52 56 0.928571428571         a 53 56 0.946428571429
b 0 11 0.0                        b 2 11 0.181818181818            b 2 11 0.181818181818          b 5 11 0.454545454545
c 8 13 0.615384615385             c 13 13 1.0                      c 10 13 0.769230769231         c 11 13 0.846153846154
d 0 12 0.0                        d 1 12 0.0833333333333           d 0 12 0.0                     d 3 12 0.25
e 7 7 1.0                         e 7 7 1.0                        e 7 7 1.0                      e 7 7 1.0
452 702 0.643874643875            483 702 0.688034188034           480 702 0.683760683761         482 702 0.68660968661
whole image stat:                 whole image stat:                whole image stat:              whole image stat:
0 100 0.0                         2 100 0.02                       3 100 0.03                     3 100 0.03

                                                                       (20万次)
inception conv 3x3 channel x2                                          inception conv 3x3 con2与conv4合并,conv1加nav扩倍
zero 24 46 0.521739130435                                              zero 40 46 0.869565217391
one 33 47 0.702127659574                                               one 43 47 0.914893617021
two 30 48 0.625                                                        two 40 48 0.833333333333
three 20 33 0.606060606061                                             three 31 33 0.939393939394
four 0 6 0.0                                                           four 2 6 0.333333333333
five 27 49 0.551020408163                                              five 41 49 0.836734693878
six 23 33 0.69696969697                                                six 28 33 0.848484848485
seven 29 44 0.659090909091                                             seven 38 44 0.863636363636
eight 20 47 0.425531914894                                             eight 39 47 0.829787234043
nine 32 44 0.727272727273                                              nine 41 44 0.931818181818
a 33 56 0.589285714286                                                 a 51 56 0.910714285714
b 0 11 0.0                                                             b 8 11 0.727272727273
c 3 13 0.230769230769                                                  c 11 13 0.846153846154
d 0 12 0.0                                                             d 12 12 1.0
e 4 7 0.571428571429                                                   e 7 7 1.0
284 702 0.404558404558                                                 552 702 0.786324786325
whole image stat:                                                      whole image stat:
0 100 0.0                                                              39 100 0.39

inception conv 3x3 con2与conv4合并,conv1加nav扩倍
rpn_msra训练，conv2-4合并输入下层
zero 29 46 0.630434782609
one 35 47 0.744680851064
two 37 48 0.770833333333
three 30 33 0.909090909091
four 2 6 0.333333333333
five 40 49 0.816326530612
six 26 33 0.787878787879
seven 35 44 0.795454545455
eight 32 47 0.68085106383
nine 39 44 0.886363636364
a 46 56 0.821428571429
b 5 11 0.454545454545
c 8 13 0.615384615385
d 10 12 0.833333333333
e 6 7 0.857142857143
438 702 0.623931623932
whole image stat:
10 100 0.1


































































































































